round,group,parameter_count,coordinate_events,active_clients,firing_fraction,mean_abs_pre_reset_evidence,config_name,partition_seed,train_seed
1,stem,464,0,0,0.0,0.004327901336364448,event_t05_q005,4100,94100
1,stage1.block1,4672,0,0,0.0,0.0028123164782300593,event_t05_q005,4100,94100
1,stage1.block2,4672,0,0,0.0,0.0022361657582223417,event_t05_q005,4100,94100
1,stage2.block1,14528,47,4,0.00032351321585903084,0.0026743254391476514,event_t05_q005,4100,94100
1,stage2.block2,18560,32,4,0.00017241379310344826,0.003072730591520667,event_t05_q005,4100,94100
1,stage3.block1,57728,373,9,0.0006461335920177383,0.0029881195980124174,event_t05_q005,4100,94100
1,stage3.block2,73984,416,10,0.0005622837370242215,0.0031688161427155135,event_t05_q005,4100,94100
1,head,650,485,10,0.07461538461538461,0.014836249500513076,event_t05_q005,4100,94100
2,stem,464,1,1,0.00021551724137931034,0.007299231644719839,event_t05_q005,4100,94100
2,stage1.block1,4672,3,3,6.421232876712328e-05,0.004625424463301897,event_t05_q005,4100,94100
2,stage1.block2,4672,0,0,0.0,0.0034577117767184973,event_t05_q005,4100,94100
2,stage2.block1,14528,151,6,0.0010393722466960353,0.0037681083893403413,event_t05_q005,4100,94100
2,stage2.block2,18560,188,9,0.0010129310344827586,0.004221322503872216,event_t05_q005,4100,94100
2,stage3.block1,57728,1266,10,0.0021930432372505543,0.004158613900654018,event_t05_q005,4100,94100
2,stage3.block2,73984,930,10,0.0012570285467128027,0.00450281233061105,event_t05_q005,4100,94100
2,head,650,426,10,0.06553846153846153,0.016348711028695107,event_t05_q005,4100,94100
3,stem,464,46,3,0.009913793103448277,0.009471777733415366,event_t05_q005,4100,94100
3,stage1.block1,4672,66,6,0.0014126712328767124,0.006075027817860246,event_t05_q005,4100,94100
3,stage1.block2,4672,53,5,0.001134417808219178,0.004484986560419202,event_t05_q005,4100,94100
3,stage2.block1,14528,464,10,0.0031938325991189426,0.004645948158577084,event_t05_q005,4100,94100
3,stage2.block2,18560,426,8,0.002295258620689655,0.005020482093095779,event_t05_q005,4100,94100
3,stage3.block1,57728,1695,10,0.0029361834811529935,0.0049594038166105745,event_t05_q005,4100,94100
3,stage3.block2,73984,2589,10,0.003499405276816609,0.005616105021908879,event_t05_q005,4100,94100
3,head,650,459,10,0.07061538461538462,0.018384506553411485,event_t05_q005,4100,94100
4,stem,464,41,7,0.008836206896551724,0.01051282356493175,event_t05_q005,4100,94100
4,stage1.block1,4672,166,10,0.003553082191780822,0.007165515748783946,event_t05_q005,4100,94100
4,stage1.block2,4672,90,7,0.0019263698630136985,0.005147024150937795,event_t05_q005,4100,94100
4,stage2.block1,14528,475,10,0.0032695484581497796,0.005108719132840634,event_t05_q005,4100,94100
4,stage2.block2,18560,241,10,0.0012984913793103448,0.005348970647901297,event_t05_q005,4100,94100
4,stage3.block1,57728,948,10,0.0016421840354767184,0.005289478041231632,event_t05_q005,4100,94100
4,stage3.block2,73984,2272,10,0.0030709342560553635,0.006089849770069123,event_t05_q005,4100,94100
4,head,650,305,10,0.04692307692307692,0.017245896719396116,event_t05_q005,4100,94100
5,stem,464,26,6,0.005603448275862069,0.011079994030296803,event_t05_q005,4100,94100
5,stage1.block1,4672,141,9,0.0030179794520547947,0.007666907785460353,event_t05_q005,4100,94100
5,stage1.block2,4672,80,9,0.0017123287671232876,0.005486724432557821,event_t05_q005,4100,94100
5,stage2.block1,14528,341,10,0.002347191629955947,0.00529262344352901,event_t05_q005,4100,94100
5,stage2.block2,18560,146,10,0.0007866379310344828,0.005574734741821885,event_t05_q005,4100,94100
5,stage3.block1,57728,833,10,0.0014429739467849223,0.005548819480463862,event_t05_q005,4100,94100
5,stage3.block2,73984,2224,10,0.0030060553633217994,0.006392754940316081,event_t05_q005,4100,94100
5,head,650,368,10,0.056615384615384616,0.018362360168248416,event_t05_q005,4100,94100
6,stem,464,27,5,0.00581896551724138,0.011299219261854888,event_t05_q005,4100,94100
6,stage1.block1,4672,94,8,0.002011986301369863,0.007830691384151578,event_t05_q005,4100,94100
6,stage1.block2,4672,40,7,0.0008561643835616438,0.0056793141644448045,event_t05_q005,4100,94100
6,stage2.block1,14528,224,10,0.0015418502202643172,0.005445925984531641,event_t05_q005,4100,94100
6,stage2.block2,18560,135,10,0.0007273706896551725,0.005828815745189786,event_t05_q005,4100,94100
6,stage3.block1,57728,958,10,0.0016595066518847006,0.00582460374571383,event_t05_q005,4100,94100
6,stage3.block2,73984,2579,10,0.00348588884083045,0.00672916010953486,event_t05_q005,4100,94100
6,head,650,423,10,0.06507692307692307,0.019172204565256833,event_t05_q005,4100,94100
7,stem,464,12,5,0.002586206896551724,0.011360838357359172,event_t05_q005,4100,94100
7,stage1.block1,4672,59,8,0.0012628424657534247,0.007958271075040102,event_t05_q005,4100,94100
7,stage1.block2,4672,17,5,0.00036386986301369865,0.005811364017426967,event_t05_q005,4100,94100
7,stage2.block1,14528,175,10,0.0012045704845814978,0.005544584291055798,event_t05_q005,4100,94100
7,stage2.block2,18560,91,10,0.000490301724137931,0.005988074000924826,event_t05_q005,4100,94100
7,stage3.block1,57728,802,10,0.0013892738359201774,0.0060046678874641655,event_t05_q005,4100,94100
7,stage3.block2,73984,2311,10,0.0031236483564013842,0.006934887496754527,event_t05_q005,4100,94100
7,head,650,351,10,0.054,0.018938329070806503,event_t05_q005,4100,94100
8,stem,464,13,5,0.0028017241379310344,0.011457502469420433,event_t05_q005,4100,94100
8,stage1.block1,4672,40,9,0.0008561643835616438,0.008046202268451453,event_t05_q005,4100,94100
8,stage1.block2,4672,19,6,0.00040667808219178083,0.005954667180776596,event_t05_q005,4100,94100
8,stage2.block1,14528,160,10,0.0011013215859030838,0.005650341045111418,event_t05_q005,4100,94100
8,stage2.block2,18560,106,10,0.0005711206896551724,0.006181213865056634,event_t05_q005,4100,94100
8,stage3.block1,57728,820,10,0.0014204545454545455,0.006200800742954015,event_t05_q005,4100,94100
8,stage3.block2,73984,2265,10,0.003061472750865052,0.007165048224851489,event_t05_q005,4100,94100
8,head,650,378,10,0.05815384615384615,0.019699203968048095,event_t05_q005,4100,94100
9,stem,464,9,3,0.001939655172413793,0.011652644723653793,event_t05_q005,4100,94100
9,stage1.block1,4672,66,9,0.0014126712328767124,0.008187069138512016,event_t05_q005,4100,94100
9,stage1.block2,4672,20,9,0.0004280821917808219,0.006105415755882859,event_t05_q005,4100,94100
9,stage2.block1,14528,153,10,0.0010531387665198239,0.005755114322528243,event_t05_q005,4100,94100
9,stage2.block2,18560,139,10,0.0007489224137931035,0.00636948486790061,event_t05_q005,4100,94100
9,stage3.block1,57728,894,10,0.001548641906873614,0.006383909517899156,event_t05_q005,4100,94100
9,stage3.block2,73984,2386,10,0.003225021626297578,0.0073879964649677275,event_t05_q005,4100,94100
9,head,650,431,10,0.0663076923076923,0.020322010852396488,event_t05_q005,4100,94100
10,stem,464,6,3,0.001293103448275862,0.011804244201630353,event_t05_q005,4100,94100
10,stage1.block1,4672,23,7,0.0004922945205479452,0.008210025168955326,event_t05_q005,4100,94100
10,stage1.block2,4672,18,8,0.0003852739726027397,0.006224481295794249,event_t05_q005,4100,94100
10,stage2.block1,14528,149,10,0.0010256057268722466,0.00586223010905087,event_t05_q005,4100,94100
10,stage2.block2,18560,155,10,0.0008351293103448276,0.0065401289612054825,event_t05_q005,4100,94100
10,stage3.block1,57728,988,10,0.0017114745011086474,0.006563201127573848,event_t05_q005,4100,94100
10,stage3.block2,73984,2537,10,0.0034291198096885814,0.007575381780043244,event_t05_q005,4100,94100
10,head,650,422,10,0.06492307692307692,0.020460925064980984,event_t05_q005,4100,94100
11,stem,464,11,3,0.0023706896551724138,0.011983289010822773,event_t05_q005,4100,94100
11,stage1.block1,4672,37,9,0.0007919520547945205,0.008311071479693056,event_t05_q005,4100,94100
11,stage1.block2,4672,12,4,0.0002568493150684931,0.006348151853308082,event_t05_q005,4100,94100
11,stage2.block1,14528,170,10,0.0011701541850220264,0.005971100321039558,event_t05_q005,4100,94100
11,stage2.block2,18560,204,10,0.0010991379310344828,0.0067416413221508265,event_t05_q005,4100,94100
11,stage3.block1,57728,1081,10,0.0018725748337028825,0.006740998337045312,event_t05_q005,4100,94100
11,stage3.block2,73984,2737,10,0.0036994485294117646,0.007770733628422022,event_t05_q005,4100,94100
11,head,650,527,10,0.08107692307692307,0.021556017361581324,event_t05_q005,4100,94100
12,stem,464,10,5,0.0021551724137931034,0.012025803327560425,event_t05_q005,4100,94100
12,stage1.block1,4672,29,8,0.0006207191780821918,0.008380206534639001,event_t05_q005,4100,94100
12,stage1.block2,4672,14,6,0.00029965753424657536,0.006455252086743713,event_t05_q005,4100,94100
12,stage2.block1,14528,138,9,0.0009498898678414097,0.0060592297930270435,event_t05_q005,4100,94100
12,stage2.block2,18560,130,9,0.0007004310344827586,0.006856585945934057,event_t05_q005,4100,94100
12,stage3.block1,57728,908,10,0.0015728935698447893,0.006850854679942131,event_t05_q005,4100,94100
12,stage3.block2,73984,2297,10,0.003104725346020761,0.007889730064198375,event_t05_q005,4100,94100
12,head,650,440,10,0.06769230769230769,0.020750777423381807,event_t05_q005,4100,94100
13,stem,464,5,3,0.0010775862068965517,0.012062768638134002,event_t05_q005,4100,94100
13,stage1.block1,4672,27,9,0.0005779109589041096,0.008402189752086998,event_t05_q005,4100,94100
13,stage1.block2,4672,12,7,0.0002568493150684931,0.006568415556102991,event_t05_q005,4100,94100
13,stage2.block1,14528,144,10,0.0009911894273127754,0.006144378148019314,event_t05_q005,4100,94100
13,stage2.block2,18560,163,10,0.0008782327586206897,0.00700226821936667,event_t05_q005,4100,94100
13,stage3.block1,57728,941,10,0.0016300582039911308,0.006986839976161718,event_t05_q005,4100,94100
13,stage3.block2,73984,2395,10,0.0032371864186851213,0.008048743708059192,event_t05_q005,4100,94100
13,head,650,484,10,0.07446153846153847,0.021326355822384357,event_t05_q005,4100,94100
14,stem,464,3,3,0.000646551724137931,0.012170238699764014,event_t05_q005,4100,94100
14,stage1.block1,4672,29,7,0.0006207191780821918,0.008436028473079204,event_t05_q005,4100,94100
14,stage1.block2,4672,15,7,0.0003210616438356164,0.006668640300631523,event_t05_q005,4100,94100
14,stage2.block1,14528,149,10,0.0010256057268722466,0.006206015311181545,event_t05_q005,4100,94100
14,stage2.block2,18560,175,10,0.0009428879310344828,0.007154127955436707,event_t05_q005,4100,94100
14,stage3.block1,57728,1096,10,0.0018985587583148558,0.007143318606540561,event_t05_q005,4100,94100
14,stage3.block2,73984,2749,10,0.003715668252595156,0.008246455248445273,event_t05_q005,4100,94100
14,head,650,556,10,0.08553846153846154,0.02213516030460596,event_t05_q005,4100,94100
15,stem,464,6,3,0.001293103448275862,0.012255176901817322,event_t05_q005,4100,94100
15,stage1.block1,4672,33,9,0.0007063356164383562,0.008490082481876016,event_t05_q005,4100,94100
15,stage1.block2,4672,10,3,0.00021404109589041095,0.006769581139087677,event_t05_q005,4100,94100
15,stage2.block1,14528,155,10,0.0010669052863436124,0.00628521447069943,event_t05_q005,4100,94100
15,stage2.block2,18560,169,10,0.0009105603448275862,0.007288311468437314,event_t05_q005,4100,94100
15,stage3.block1,57728,1198,10,0.002075249445676275,0.007288490422070026,event_t05_q005,4100,94100
15,stage3.block2,73984,2964,10,0.004006271626297578,0.008422450069338084,event_t05_q005,4100,94100
15,head,650,488,10,0.07507692307692308,0.02226174995303154,event_t05_q005,4100,94100
16,stem,464,5,2,0.0010775862068965517,0.012349154520779847,event_t05_q005,4100,94100
16,stage1.block1,4672,33,7,0.0007063356164383562,0.008512212615460157,event_t05_q005,4100,94100
16,stage1.block2,4672,18,5,0.0003852739726027397,0.006882756482809782,event_t05_q005,4100,94100
16,stage2.block1,14528,167,10,0.0011495044052863435,0.0063669536728411915,event_t05_q005,4100,94100
16,stage2.block2,18560,172,10,0.0009267241379310345,0.007451827730983495,event_t05_q005,4100,94100
16,stage3.block1,57728,1251,10,0.002167059312638581,0.007430712226778269,event_t05_q005,4100,94100
16,stage3.block2,73984,3007,10,0.0040643923010380625,0.008582038339227438,event_t05_q005,4100,94100
16,head,650,574,10,0.08830769230769231,0.02302531935274601,event_t05_q005,4100,94100
17,stem,464,5,2,0.0010775862068965517,0.012485442589968443,event_t05_q005,4100,94100
17,stage1.block1,4672,23,6,0.0004922945205479452,0.008579954551532865,event_t05_q005,4100,94100
17,stage1.block2,4672,20,8,0.0004280821917808219,0.006975304102525115,event_t05_q005,4100,94100
17,stage2.block1,14528,142,10,0.0009774229074889869,0.0064387722872197625,event_t05_q005,4100,94100
17,stage2.block2,18560,207,10,0.001115301724137931,0.007587054278701544,event_t05_q005,4100,94100
17,stage3.block1,57728,1150,10,0.00199210088691796,0.007546968292444944,event_t05_q005,4100,94100
17,stage3.block2,73984,2813,10,0.0038021734429065745,0.008699965896084905,event_t05_q005,4100,94100
17,head,650,482,10,0.07415384615384615,0.022386016510426997,event_t05_q005,4100,94100
18,stem,464,2,2,0.0004310344827586207,0.012563083227723837,event_t05_q005,4100,94100
18,stage1.block1,4672,33,7,0.0007063356164383562,0.00862957425415516,event_t05_q005,4100,94100
18,stage1.block2,4672,34,7,0.0007277397260273973,0.007068115100264549,event_t05_q005,4100,94100
18,stage2.block1,14528,189,10,0.0013009361233480177,0.006518604280427098,event_t05_q005,4100,94100
18,stage2.block2,18560,196,10,0.0010560344827586206,0.007744368305429817,event_t05_q005,4100,94100
18,stage3.block1,57728,1308,10,0.00226579822616408,0.0076874115504324434,event_t05_q005,4100,94100
18,stage3.block2,73984,3309,10,0.004472588667820069,0.00886051608249545,event_t05_q005,4100,94100
18,head,650,596,10,0.0916923076923077,0.023599145747721196,event_t05_q005,4100,94100
19,stem,464,3,2,0.000646551724137931,0.012691523879766464,event_t05_q005,4100,94100
19,stage1.block1,4672,40,10,0.0008561643835616438,0.008677294105291366,event_t05_q005,4100,94100
19,stage1.block2,4672,35,7,0.0007491438356164383,0.007154529448598623,event_t05_q005,4100,94100
19,stage2.block1,14528,170,10,0.0011701541850220264,0.006597421923652291,event_t05_q005,4100,94100
19,stage2.block2,18560,305,10,0.0016433189655172414,0.007907719630748034,event_t05_q005,4100,94100
19,stage3.block1,57728,1302,10,0.0022554046563192905,0.00782755771651864,event_t05_q005,4100,94100
19,stage3.block2,73984,3216,10,0.004346885813148789,0.008997289743274451,event_t05_q005,4100,94100
19,head,650,627,10,0.09646153846153846,0.02364021949470043,event_t05_q005,4100,94100
20,stem,464,0,0,0.0,0.012889164965599775,event_t05_q005,4100,94100
20,stage1.block1,4672,42,8,0.000898972602739726,0.008755978662520647,event_t05_q005,4100,94100
20,stage1.block2,4672,44,7,0.0009417808219178083,0.007273417618125677,event_t05_q005,4100,94100
20,stage2.block1,14528,206,10,0.0014179515418502203,0.006694182101637125,event_t05_q005,4100,94100
20,stage2.block2,18560,290,10,0.0015625,0.008041576482355595,event_t05_q005,4100,94100
20,stage3.block1,57728,1493,10,0.0025862666297117518,0.007970367139205337,event_t05_q005,4100,94100
20,stage3.block2,73984,3495,10,0.00472399437716263,0.009158964827656746,event_t05_q005,4100,94100
20,head,650,620,10,0.09538461538461539,0.023889544792473315,event_t05_q005,4100,94100
21,stem,464,2,2,0.0004310344827586207,0.01307356432080269,event_t05_q005,4100,94100
21,stage1.block1,4672,41,7,0.0008775684931506849,0.008823559759184718,event_t05_q005,4100,94100
21,stage1.block2,4672,26,6,0.0005565068493150685,0.007337942626327277,event_t05_q005,4100,94100
21,stage2.block1,14528,199,10,0.0013697687224669603,0.006764784781262278,event_t05_q005,4100,94100
21,stage2.block2,18560,304,10,0.0016379310344827587,0.008170315111055971,event_t05_q005,4100,94100
21,stage3.block1,57728,1417,10,0.0024546147450110866,0.008075364958494901,event_t05_q005,4100,94100
21,stage3.block2,73984,3164,10,0.004276600346020761,0.00925831189379096,event_t05_q005,4100,94100
21,head,650,559,10,0.086,0.023282252252101898,event_t05_q005,4100,94100
22,stem,464,4,2,0.0008620689655172414,0.013198263384401799,event_t05_q005,4100,94100
22,stage1.block1,4672,25,9,0.0005351027397260274,0.008871088549494744,event_t05_q005,4100,94100
22,stage1.block2,4672,22,8,0.0004708904109589041,0.00743042966350913,event_t05_q005,4100,94100
22,stage2.block1,14528,167,10,0.0011495044052863435,0.006840257300063967,event_t05_q005,4100,94100
22,stage2.block2,18560,311,10,0.001675646551724138,0.008291368698701262,event_t05_q005,4100,94100
22,stage3.block1,57728,1297,10,0.0022467433481152994,0.008188657835125924,event_t05_q005,4100,94100
22,stage3.block2,73984,3107,10,0.004199556660899654,0.009375356044620276,event_t05_q005,4100,94100
22,head,650,614,10,0.09446153846153846,0.023828132450580596,event_t05_q005,4100,94100
23,stem,464,2,2,0.0004310344827586207,0.013370619714260101,event_t05_q005,4100,94100
23,stage1.block1,4672,39,10,0.0008347602739726028,0.008959088567644357,event_t05_q005,4100,94100
23,stage1.block2,4672,38,7,0.0008133561643835617,0.007547701243311167,event_t05_q005,4100,94100
23,stage2.block1,14528,182,10,0.0012527533039647578,0.006929725641384721,event_t05_q005,4100,94100
23,stage2.block2,18560,273,10,0.001470905172413793,0.00839553033001721,event_t05_q005,4100,94100
23,stage3.block1,57728,1459,10,0.002527369733924612,0.00831616772338748,event_t05_q005,4100,94100
23,stage3.block2,73984,3233,10,0.004369863754325259,0.009521295875310897,event_t05_q005,4100,94100
23,head,650,598,10,0.092,0.023817060329020024,event_t05_q005,4100,94100
24,stem,464,7,3,0.0015086206896551724,0.013495479617267847,event_t05_q005,4100,94100
24,stage1.block1,4672,54,8,0.0011558219178082192,0.009014496579766273,event_t05_q005,4100,94100
24,stage1.block2,4672,43,10,0.0009203767123287671,0.007615753076970577,event_t05_q005,4100,94100
24,stage2.block1,14528,185,10,0.0012734030837004405,0.007013495871797204,event_t05_q005,4100,94100
24,stage2.block2,18560,300,10,0.0016163793103448276,0.008531191106885671,event_t05_q005,4100,94100
24,stage3.block1,57728,1499,10,0.002596660199556541,0.008433182956650853,event_t05_q005,4100,94100
24,stage3.block2,73984,3237,10,0.004375270328719723,0.009625859279185533,event_t05_q005,4100,94100
24,head,650,556,10,0.08553846153846154,0.023728877119719983,event_t05_q005,4100,94100
25,stem,464,5,5,0.0010775862068965517,0.013654342852532864,event_t05_q005,4100,94100
25,stage1.block1,4672,40,8,0.0008561643835616438,0.009042071783915162,event_t05_q005,4100,94100
25,stage1.block2,4672,44,8,0.0009417808219178083,0.0076920623425394295,event_t05_q005,4100,94100
25,stage2.block1,14528,226,10,0.0015556167400881057,0.007115629548206925,event_t05_q005,4100,94100
25,stage2.block2,18560,377,10,0.00203125,0.00866833315230906,event_t05_q005,4100,94100
25,stage3.block1,57728,1527,10,0.0026451635254988912,0.008569795358926057,event_t05_q005,4100,94100
25,stage3.block2,73984,3723,10,0.005032169117647059,0.009784776903688907,event_t05_q005,4100,94100
25,head,650,687,10,0.1056923076923077,0.02479185666888952,event_t05_q005,4100,94100
26,stem,464,9,4,0.001939655172413793,0.013900956977158785,event_t05_q005,4100,94100
26,stage1.block1,4672,42,8,0.000898972602739726,0.009136413363739848,event_t05_q005,4100,94100
26,stage1.block2,4672,32,9,0.0006849315068493151,0.007779866689816117,event_t05_q005,4100,94100
26,stage2.block1,14528,205,10,0.001411068281938326,0.007200275873765349,event_t05_q005,4100,94100
26,stage2.block2,18560,337,10,0.0018157327586206897,0.008785663079470396,event_t05_q005,4100,94100
26,stage3.block1,57728,1577,10,0.0027317766075388027,0.00870137894526124,event_t05_q005,4100,94100
26,stage3.block2,73984,3489,10,0.004715884515570934,0.009891084674745799,event_t05_q005,4100,94100
26,head,650,595,10,0.09153846153846154,0.02380384933203459,event_t05_q005,4100,94100
27,stem,464,7,5,0.0015086206896551724,0.014063011482357978,event_t05_q005,4100,94100
27,stage1.block1,4672,68,9,0.0014554794520547946,0.009227099642157555,event_t05_q005,4100,94100
27,stage1.block2,4672,44,8,0.0009417808219178083,0.007869759295135736,event_t05_q005,4100,94100
27,stage2.block1,14528,222,10,0.0015280837004405287,0.007292530359700322,event_t05_q005,4100,94100
27,stage2.block2,18560,368,10,0.0019827586206896553,0.008900219947099686,event_t05_q005,4100,94100
27,stage3.block1,57728,1630,10,0.0028235864745011084,0.00882181329652667,event_t05_q005,4100,94100
27,stage3.block2,73984,3547,10,0.004794279844290658,0.010009854659438133,event_t05_q005,4100,94100
27,head,650,593,10,0.09123076923076923,0.02416868954896927,event_t05_q005,4100,94100
28,stem,464,10,6,0.0021551724137931034,0.014277369901537895,event_t05_q005,4100,94100
28,stage1.block1,4672,46,8,0.0009845890410958905,0.009290518052875996,event_t05_q005,4100,94100
28,stage1.block2,4672,40,8,0.0008561643835616438,0.007976086065173148,event_t05_q005,4100,94100
28,stage2.block1,14528,273,10,0.0018791299559471366,0.007381211593747139,event_t05_q005,4100,94100
28,stage2.block2,18560,345,10,0.0018588362068965518,0.009007326140999795,event_t05_q005,4100,94100
28,stage3.block1,57728,1634,10,0.0028305155210643015,0.008954953961074352,event_t05_q005,4100,94100
28,stage3.block2,73984,3682,10,0.004976751730103806,0.010140143427997827,event_t05_q005,4100,94100
28,head,650,628,10,0.09661538461538462,0.024704363942146302,event_t05_q005,4100,94100
29,stem,464,12,5,0.002586206896551724,0.01443332014605403,event_t05_q005,4100,94100
29,stage1.block1,4672,63,9,0.0013484589041095891,0.009385815728455782,event_t05_q005,4100,94100
29,stage1.block2,4672,34,10,0.0007277397260273973,0.008074125787243248,event_t05_q005,4100,94100
29,stage2.block1,14528,224,10,0.0015418502202643172,0.007448594039306045,event_t05_q005,4100,94100
29,stage2.block2,18560,387,10,0.0020851293103448278,0.009125542547553777,event_t05_q005,4100,94100
29,stage3.block1,57728,1746,10,0.003024528824833703,0.009087638650089502,event_t05_q005,4100,94100
29,stage3.block2,73984,3686,10,0.00498215830449827,0.010262655653059482,event_t05_q005,4100,94100
29,head,650,621,10,0.09553846153846154,0.02472472470253706,event_t05_q005,4100,94100
30,stem,464,10,7,0.0021551724137931034,0.01456824541091919,event_t05_q005,4100,94100
30,stage1.block1,4672,46,8,0.0009845890410958905,0.009468403924256564,event_t05_q005,4100,94100
30,stage1.block2,4672,33,8,0.0007063356164383562,0.00817547393962741,event_t05_q005,4100,94100
30,stage2.block1,14528,208,10,0.0014317180616740088,0.007532182382419705,event_t05_q005,4100,94100
30,stage2.block2,18560,368,10,0.0019827586206896553,0.009208949049934745,event_t05_q005,4100,94100
30,stage3.block1,57728,1634,10,0.0028305155210643015,0.009177337121218442,event_t05_q005,4100,94100
30,stage3.block2,73984,3514,10,0.004749675605536332,0.010348560381680727,event_t05_q005,4100,94100
30,head,650,593,10,0.09123076923076923,0.024272763915359975,event_t05_q005,4100,94100
31,stem,464,21,7,0.004525862068965518,0.014794146176427603,event_t05_q005,4100,94100
31,stage1.block1,4672,68,9,0.0014554794520547946,0.009580199606716633,event_t05_q005,4100,94100
31,stage1.block2,4672,27,9,0.0005779109589041096,0.008278218191117048,event_t05_q005,4100,94100
31,stage2.block1,14528,283,10,0.0019479625550660794,0.007634958205744624,event_t05_q005,4100,94100
31,stage2.block2,18560,420,10,0.002262931034482759,0.009326020069420338,event_t05_q005,4100,94100
31,stage3.block1,57728,1833,10,0.0031752355875831486,0.009315353631973267,event_t05_q005,4100,94100
31,stage3.block2,73984,4138,10,0.005593101211072664,0.010501495562493801,event_t05_q005,4100,94100
31,head,650,637,10,0.098,0.025012560561299323,event_t05_q005,4100,94100
32,stem,464,10,4,0.0021551724137931034,0.014888194296509028,event_t05_q005,4100,94100
32,stage1.block1,4672,64,8,0.0013698630136986301,0.009678593557327985,event_t05_q005,4100,94100
32,stage1.block2,4672,38,9,0.0008133561643835617,0.008393217716366053,event_t05_q005,4100,94100
32,stage2.block1,14528,264,10,0.001817180616740088,0.007701145065948367,event_t05_q005,4100,94100
32,stage2.block2,18560,421,10,0.0022683189655172413,0.009428598545491695,event_t05_q005,4100,94100
32,stage3.block1,57728,1679,10,0.0029084672949002215,0.009423595294356346,event_t05_q005,4100,94100
32,stage3.block2,73984,3836,10,0.005184904844290657,0.010593921039253473,event_t05_q005,4100,94100
32,head,650,599,10,0.09215384615384616,0.024663027748465537,event_t05_q005,4100,94100
33,stem,464,21,5,0.004525862068965518,0.015281197521835566,event_t05_q005,4100,94100
33,stage1.block1,4672,87,10,0.0018621575342465753,0.009834542032331228,event_t05_q005,4100,94100
33,stage1.block2,4672,53,9,0.001134417808219178,0.008527245419099928,event_t05_q005,4100,94100
33,stage2.block1,14528,278,10,0.001913546255506608,0.007801749696955085,event_t05_q005,4100,94100
33,stage2.block2,18560,480,10,0.002586206896551724,0.009555610455572605,event_t05_q005,4100,94100
33,stage3.block1,57728,1895,10,0.0032826358093126385,0.009563178569078446,event_t05_q005,4100,94100
33,stage3.block2,73984,3929,10,0.005310607698961938,0.010722587630152703,event_t05_q005,4100,94100
33,head,650,619,10,0.09523076923076923,0.025135275907814503,event_t05_q005,4100,94100
34,stem,464,28,7,0.00603448275862069,0.015521057788282633,event_t05_q005,4100,94100
34,stage1.block1,4672,89,10,0.0019049657534246575,0.009976087836548686,event_t05_q005,4100,94100
34,stage1.block2,4672,33,9,0.0007063356164383562,0.008635431295260787,event_t05_q005,4100,94100
34,stage2.block1,14528,252,10,0.0017345814977973567,0.00786920078098774,event_t05_q005,4100,94100
34,stage2.block2,18560,405,10,0.0021821120689655173,0.00961180478334427,event_t05_q005,4100,94100
34,stage3.block1,57728,1563,10,0.0027075249445676275,0.00963998856022954,event_t05_q005,4100,94100
34,stage3.block2,73984,3665,10,0.004953773788927336,0.010805631428956986,event_t05_q005,4100,94100
34,head,650,559,10,0.086,0.024856031499803068,event_t05_q005,4100,94100
35,stem,464,29,7,0.00625,0.01589180398732424,event_t05_q005,4100,94100
35,stage1.block1,4672,142,10,0.0030393835616438357,0.01021931623108685,event_t05_q005,4100,94100
35,stage1.block2,4672,71,10,0.0015196917808219179,0.008820375613868236,event_t05_q005,4100,94100
35,stage2.block1,14528,312,10,0.002147577092511013,0.008005748689174651,event_t05_q005,4100,94100
35,stage2.block2,18560,458,10,0.0024676724137931033,0.009743934776633979,event_t05_q005,4100,94100
35,stage3.block1,57728,2147,10,0.0037191657427937917,0.009811337944120169,event_t05_q005,4100,94100
35,stage3.block2,73984,4275,10,0.005778276384083045,0.010969334281980991,event_t05_q005,4100,94100
35,head,650,653,10,0.10046153846153846,0.025851752795279025,event_t05_q005,4100,94100
36,stem,464,31,6,0.006681034482758621,0.016127989068627356,event_t05_q005,4100,94100
36,stage1.block1,4672,130,9,0.0027825342465753423,0.010315133072435857,event_t05_q005,4100,94100
36,stage1.block2,4672,66,10,0.0014126712328767124,0.008924266975373029,event_t05_q005,4100,94100
36,stage2.block1,14528,331,10,0.0022783590308370046,0.008105425722897052,event_t05_q005,4100,94100
36,stage2.block2,18560,461,10,0.0024838362068965517,0.00983142564073205,event_t05_q005,4100,94100
36,stage3.block1,57728,1921,10,0.0033276746119733926,0.009902407228946686,event_t05_q005,4100,94100
36,stage3.block2,73984,3925,10,0.005305201124567474,0.011052584461867809,event_t05_q005,4100,94100
36,head,650,613,10,0.09430769230769231,0.02519578691571951,event_t05_q005,4100,94100
37,stem,464,39,9,0.008405172413793103,0.016527946386486293,event_t05_q005,4100,94100
37,stage1.block1,4672,146,10,0.003125,0.010461048129945994,event_t05_q005,4100,94100
37,stage1.block2,4672,72,10,0.0015410958904109589,0.0090931530110538,event_t05_q005,4100,94100
37,stage2.block1,14528,299,10,0.002058094713656388,0.008205697219818831,event_t05_q005,4100,94100
37,stage2.block2,18560,439,10,0.0023653017241379313,0.00994418067857623,event_t05_q005,4100,94100
37,stage3.block1,57728,2011,10,0.003483578159645233,0.010032422468066215,event_t05_q005,4100,94100
37,stage3.block2,73984,4011,10,0.005421442474048443,0.01116596981883049,event_t05_q005,4100,94100
37,head,650,657,10,0.10107692307692308,0.025334100238978863,event_t05_q005,4100,94100
38,stem,464,27,8,0.00581896551724138,0.016829074546694755,event_t05_q005,4100,94100
38,stage1.block1,4672,120,10,0.0025684931506849314,0.010588406398892403,event_t05_q005,4100,94100
38,stage1.block2,4672,97,10,0.0020761986301369864,0.009250971022993326,event_t05_q005,4100,94100
38,stage2.block1,14528,334,10,0.002299008810572687,0.00831040358170867,event_t05_q005,4100,94100
38,stage2.block2,18560,512,10,0.002758620689655172,0.010058354958891869,event_t05_q005,4100,94100
38,stage3.block1,57728,2100,10,0.003637749445676275,0.010154721233993769,event_t05_q005,4100,94100
38,stage3.block2,73984,4471,10,0.006043198529411765,0.011304198764264584,event_t05_q005,4100,94100
38,head,650,632,10,0.09723076923076923,0.025377549417316913,event_t05_q005,4100,94100
39,stem,464,49,9,0.010560344827586207,0.017376306746155024,event_t05_q005,4100,94100
39,stage1.block1,4672,139,10,0.0029751712328767123,0.010753708146512508,event_t05_q005,4100,94100
39,stage1.block2,4672,91,10,0.0019477739726027397,0.009367656894028187,event_t05_q005,4100,94100
39,stage2.block1,14528,364,10,0.0025055066079295155,0.008412037836387753,event_t05_q005,4100,94100
39,stage2.block2,18560,562,10,0.0030280172413793102,0.010165171232074499,event_t05_q005,4100,94100
39,stage3.block1,57728,2125,10,0.0036810559866962307,0.010274997353553772,event_t05_q005,4100,94100
39,stage3.block2,73984,4695,10,0.00634596669550173,0.011426410637795925,event_t05_q005,4100,94100
39,head,650,659,10,0.10138461538461538,0.02598128356039524,event_t05_q005,4100,94100
40,stem,464,44,8,0.009482758620689655,0.01754469405859709,event_t05_q005,4100,94100
40,stage1.block1,4672,132,10,0.0028253424657534248,0.010859581083059311,event_t05_q005,4100,94100
40,stage1.block2,4672,57,9,0.0012200342465753424,0.009458436444401742,event_t05_q005,4100,94100
40,stage2.block1,14528,344,10,0.00236784140969163,0.008482338534668088,event_t05_q005,4100,94100
40,stage2.block2,18560,531,10,0.0028609913793103446,0.010230766888707877,event_t05_q005,4100,94100
40,stage3.block1,57728,2079,10,0.0036013719512195124,0.010367875266820193,event_t05_q005,4100,94100
40,stage3.block2,73984,4093,10,0.005532277249134948,0.011486292537301778,event_t05_q005,4100,94100
40,head,650,617,10,0.09492307692307693,0.02554984837770462,event_t05_q005,4100,94100
41,stem,464,69,10,0.014870689655172414,0.018107087444514038,event_t05_q005,4100,94100
41,stage1.block1,4672,131,10,0.0028039383561643838,0.010966291557997465,event_t05_q005,4100,94100
41,stage1.block2,4672,75,10,0.001605308219178082,0.009590965416282415,event_t05_q005,4100,94100
41,stage2.block1,14528,285,10,0.001961729074889868,0.008522361051291227,event_t05_q005,4100,94100
41,stage2.block2,18560,386,10,0.002079741379310345,0.01026632497087121,event_t05_q005,4100,94100
41,stage3.block1,57728,1803,10,0.003123267738359202,0.010441925842314959,event_t05_q005,4100,94100
41,stage3.block2,73984,3818,10,0.005160575259515571,0.011571401543915272,event_t05_q005,4100,94100
41,head,650,566,10,0.08707692307692308,0.025091111473739148,event_t05_q005,4100,94100
42,stem,464,99,10,0.021336206896551725,0.01851158495992422,event_t05_q005,4100,94100
42,stage1.block1,4672,251,10,0.005372431506849315,0.011198474932461977,event_t05_q005,4100,94100
42,stage1.block2,4672,88,9,0.0018835616438356165,0.009772953670471906,event_t05_q005,4100,94100
42,stage2.block1,14528,379,10,0.0026087555066079296,0.00866422257386148,event_t05_q005,4100,94100
42,stage2.block2,18560,540,10,0.00290948275862069,0.01038709906861186,event_t05_q005,4100,94100
42,stage3.block1,57728,2088,10,0.003616962305986696,0.010582994297146797,event_t05_q005,4100,94100
42,stage3.block2,73984,4307,10,0.005821528979238755,0.011722204182296992,event_t05_q005,4100,94100
42,head,650,626,10,0.0963076923076923,0.0255296777933836,event_t05_q005,4100,94100
43,stem,464,84,10,0.01810344827586207,0.018529682513326408,event_t05_q005,4100,94100
43,stage1.block1,4672,178,9,0.003809931506849315,0.011209861002862453,event_t05_q005,4100,94100
43,stage1.block2,4672,97,10,0.0020761986301369864,0.009921163227409125,event_t05_q005,4100,94100
43,stage2.block1,14528,337,10,0.00231965859030837,0.008754228381440044,event_t05_q005,4100,94100
43,stage2.block2,18560,538,10,0.002898706896551724,0.010496215615421533,event_t05_q005,4100,94100
43,stage3.block1,57728,2326,10,0.004029240576496674,0.01072866953909397,event_t05_q005,4100,94100
43,stage3.block2,73984,4752,10,0.006423010380622838,0.011886169202625751,event_t05_q005,4100,94100
43,head,650,625,10,0.09615384615384616,0.02610406018793583,event_t05_q005,4100,94100
44,stem,464,83,10,0.01788793103448276,0.01859642369672656,event_t05_q005,4100,94100
44,stage1.block1,4672,140,10,0.0029965753424657533,0.011277442518621682,event_t05_q005,4100,94100
44,stage1.block2,4672,77,9,0.0016481164383561643,0.010032550990581512,event_t05_q005,4100,94100
44,stage2.block1,14528,365,10,0.0025123898678414097,0.008839041739702225,event_t05_q005,4100,94100
44,stage2.block2,18560,474,10,0.0025538793103448277,0.010565320774912835,event_t05_q005,4100,94100
44,stage3.block1,57728,2202,10,0.003814440133037694,0.010826773662120103,event_t05_q005,4100,94100
44,stage3.block2,73984,4267,10,0.005767463235294118,0.011967331264168024,event_t05_q005,4100,94100
44,head,650,646,10,0.09938461538461539,0.025950327143073083,event_t05_q005,4100,94100
45,stem,464,84,9,0.01810344827586207,0.018728304654359818,event_t05_q005,4100,94100
45,stage1.block1,4672,175,10,0.0037457191780821916,0.011357933934777974,event_t05_q005,4100,94100
45,stage1.block2,4672,88,10,0.0018835616438356165,0.010166072472929954,event_t05_q005,4100,94100
45,stage2.block1,14528,354,10,0.0024366740088105727,0.008913872484117746,event_t05_q005,4100,94100
45,stage2.block2,18560,543,10,0.002925646551724138,0.010666330531239509,event_t05_q005,4100,94100
45,stage3.block1,57728,2189,10,0.003791920731707317,0.01093469951301813,event_t05_q005,4100,94100
45,stage3.block2,73984,4554,10,0.006155384948096886,0.012092041969299316,event_t05_q005,4100,94100
45,head,650,644,10,0.09907692307692308,0.02593005243688822,event_t05_q005,4100,94100
46,stem,464,49,9,0.010560344827586207,0.018531461246311665,event_t05_q005,4100,94100
46,stage1.block1,4672,115,10,0.002461472602739726,0.011346922442317008,event_t05_q005,4100,94100
46,stage1.block2,4672,109,10,0.0023330479452054794,0.010256305523216724,event_t05_q005,4100,94100
46,stage2.block1,14528,372,10,0.0025605726872246696,0.008988499408587813,event_t05_q005,4100,94100
46,stage2.block2,18560,498,10,0.0026831896551724136,0.010745060723274946,event_t05_q005,4100,94100
46,stage3.block1,57728,2362,10,0.00409160199556541,0.011044387705624104,event_t05_q005,4100,94100
46,stage3.block2,73984,4623,10,0.006248648356401384,0.012204523943364621,event_t05_q005,4100,94100
46,head,650,649,10,0.09984615384615385,0.025948830507695676,event_t05_q005,4100,94100
47,stem,464,70,10,0.015086206896551725,0.01896155420690775,event_t05_q005,4100,94100
47,stage1.block1,4672,162,10,0.0034674657534246576,0.011502551566809415,event_t05_q005,4100,94100
47,stage1.block2,4672,64,9,0.0013698630136986301,0.01030464293435216,event_t05_q005,4100,94100
47,stage2.block1,14528,289,10,0.001989262114537445,0.009037123573943973,event_t05_q005,4100,94100
47,stage2.block2,18560,478,10,0.0025754310344827587,0.010800627805292607,event_t05_q005,4100,94100
47,stage3.block1,57728,2154,10,0.003731291574279379,0.0111154368147254,event_t05_q005,4100,94100
47,stage3.block2,73984,4285,10,0.005791792820069204,0.012283459771424532,event_t05_q005,4100,94100
47,head,650,573,10,0.08815384615384615,0.02558059897273779,event_t05_q005,4100,94100
48,stem,464,60,10,0.01293103448275862,0.019085722044110298,event_t05_q005,4100,94100
48,stage1.block1,4672,122,10,0.002611301369863014,0.011496292147785424,event_t05_q005,4100,94100
48,stage1.block2,4672,90,10,0.0019263698630136985,0.01044142497703433,event_t05_q005,4100,94100
48,stage2.block1,14528,340,10,0.002340308370044053,0.009122941549867392,event_t05_q005,4100,94100
48,stage2.block2,18560,560,10,0.003017241379310345,0.010886741429567337,event_t05_q005,4100,94100
48,stage3.block1,57728,2257,10,0.003909714523281597,0.01122543103992939,event_t05_q005,4100,94100
48,stage3.block2,73984,4565,10,0.006170253027681661,0.012418539449572562,event_t05_q005,4100,94100
48,head,650,616,10,0.09476923076923077,0.026374992914497852,event_t05_q005,4100,94100
49,stem,464,62,10,0.013362068965517242,0.01935175135731697,event_t05_q005,4100,94100
49,stage1.block1,4672,146,10,0.003125,0.011639940086752176,event_t05_q005,4100,94100
49,stage1.block2,4672,77,10,0.0016481164383561643,0.010533585119992495,event_t05_q005,4100,94100
49,stage2.block1,14528,347,10,0.0023884911894273128,0.009211969189345836,event_t05_q005,4100,94100
49,stage2.block2,18560,569,10,0.0030657327586206895,0.0109466970898211,event_t05_q005,4100,94100
49,stage3.block1,57728,2459,10,0.0042596313747228385,0.011344539653509855,event_t05_q005,4100,94100
49,stage3.block2,73984,4850,10,0.006555471453287197,0.012540295533835889,event_t05_q005,4100,94100
49,head,650,652,10,0.1003076923076923,0.026683714985847474,event_t05_q005,4100,94100
50,stem,464,91,8,0.019612068965517242,0.01973980199545622,event_t05_q005,4100,94100
50,stage1.block1,4672,171,10,0.0036601027397260275,0.011780087742954493,event_t05_q005,4100,94100
50,stage1.block2,4672,103,10,0.002204623287671233,0.01064565908163786,event_t05_q005,4100,94100
50,stage2.block1,14528,359,10,0.002471090308370044,0.009275817126035691,event_t05_q005,4100,94100
50,stage2.block2,18560,502,10,0.002704741379310345,0.01096842372789979,event_t05_q005,4100,94100
50,stage3.block1,57728,2126,10,0.0036827882483370287,0.011396633647382259,event_t05_q005,4100,94100
50,stage3.block2,73984,4255,10,0.005751243512110727,0.012591857183724641,event_t05_q005,4100,94100
50,head,650,626,10,0.0963076923076923,0.026030827686190604,event_t05_q005,4100,94100
51,stem,464,69,9,0.014870689655172414,0.019510305672883987,event_t05_q005,4100,94100
51,stage1.block1,4672,110,10,0.0023544520547945204,0.011784158926457167,event_t05_q005,4100,94100
51,stage1.block2,4672,69,10,0.0014768835616438356,0.010716017428785562,event_t05_q005,4100,94100
51,stage2.block1,14528,277,10,0.0019066629955947136,0.009309847559779882,event_t05_q005,4100,94100
51,stage2.block2,18560,429,10,0.0023114224137931036,0.011006016470491885,event_t05_q005,4100,94100
51,stage3.block1,57728,2122,10,0.003675859201773836,0.01148276375606656,event_t05_q005,4100,94100
51,stage3.block2,73984,4044,10,0.005466046712802768,0.012692526727914811,event_t05_q005,4100,94100
51,head,650,585,10,0.09,0.025798460841178893,event_t05_q005,4100,94100
52,stem,464,60,10,0.01293103448275862,0.019647936522960662,event_t05_q005,4100,94100
52,stage1.block1,4672,109,10,0.0023330479452054794,0.011917582247406244,event_t05_q005,4100,94100
52,stage1.block2,4672,84,10,0.001797945205479452,0.010808423813432454,event_t05_q005,4100,94100
52,stage2.block1,14528,336,10,0.002312775330396476,0.009415331296622753,event_t05_q005,4100,94100
52,stage2.block2,18560,539,10,0.002904094827586207,0.011110961437225342,event_t05_q005,4100,94100
52,stage3.block1,57728,2248,10,0.0038941241685144126,0.011589456163346768,event_t05_q005,4100,94100
52,stage3.block2,73984,4570,10,0.006177011245674741,0.012832813244313002,event_t05_q005,4100,94100
52,head,650,668,10,0.10276923076923077,0.02636620178818703,event_t05_q005,4100,94100
53,stem,464,76,9,0.016379310344827588,0.019921905361115932,event_t05_q005,4100,94100
53,stage1.block1,4672,136,10,0.0029109589041095892,0.012050051894038915,event_t05_q005,4100,94100
53,stage1.block2,4672,104,10,0.002226027397260274,0.01093300748616457,event_t05_q005,4100,94100
53,stage2.block1,14528,305,10,0.002099394273127753,0.009482034482061863,event_t05_q005,4100,94100
53,stage2.block2,18560,502,10,0.002704741379310345,0.011161463893949985,event_t05_q005,4100,94100
53,stage3.block1,57728,2191,10,0.0037953852549889133,0.011670186650007963,event_t05_q005,4100,94100
53,stage3.block2,73984,4501,10,0.006083747837370242,0.012915435712784529,event_t05_q005,4100,94100
53,head,650,608,10,0.09353846153846154,0.025914708711206914,event_t05_q005,4100,94100
54,stem,464,51,10,0.010991379310344827,0.01976564433425665,event_t05_q005,4100,94100
54,stage1.block1,4672,130,10,0.0027825342465753423,0.012133648805320262,event_t05_q005,4100,94100
54,stage1.block2,4672,109,10,0.0023330479452054794,0.01100597158074379,event_t05_q005,4100,94100
54,stage2.block1,14528,375,10,0.0025812224669603525,0.009582528006285429,event_t05_q005,4100,94100
54,stage2.block2,18560,557,10,0.0030010775862068964,0.01125260153785348,event_t05_q005,4100,94100
54,stage3.block1,57728,2360,10,0.004088137472283814,0.011762591078877449,event_t05_q005,4100,94100
54,stage3.block2,73984,4582,10,0.006193230968858132,0.01301821693778038,event_t05_q005,4100,94100
54,head,650,587,10,0.09030769230769231,0.025872619450092317,event_t05_q005,4100,94100
55,stem,464,50,9,0.010775862068965518,0.019769840873777866,event_t05_q005,4100,94100
55,stage1.block1,4672,86,9,0.0018407534246575343,0.012160753645002843,event_t05_q005,4100,94100
55,stage1.block2,4672,83,10,0.001776541095890411,0.01104939067736268,event_t05_q005,4100,94100
55,stage2.block1,14528,303,10,0.002085627753303965,0.009626279212534427,event_t05_q005,4100,94100
55,stage2.block2,18560,486,10,0.002618534482758621,0.01129689896479249,event_t05_q005,4100,94100
55,stage3.block1,57728,2188,10,0.003790188470066519,0.01183555657044053,event_t05_q005,4100,94100
55,stage3.block2,73984,4403,10,0.005951286764705882,0.013103836681693792,event_t05_q005,4100,94100
55,head,650,611,10,0.094,0.026007373817265034,event_t05_q005,4100,94100
56,stem,464,91,10,0.019612068965517242,0.020317875780165195,event_t05_q005,4100,94100
56,stage1.block1,4672,123,10,0.002632705479452055,0.01236034743487835,event_t05_q005,4100,94100
56,stage1.block2,4672,96,10,0.002054794520547945,0.011157054360955954,event_t05_q005,4100,94100
56,stage2.block1,14528,378,10,0.0026018722466960354,0.009742575325071811,event_t05_q005,4100,94100
56,stage2.block2,18560,631,10,0.0033997844827586207,0.011396202072501183,event_t05_q005,4100,94100
56,stage3.block1,57728,2602,10,0.004507344789356984,0.011964843701571226,event_t05_q005,4100,94100
56,stage3.block2,73984,4517,10,0.006105374134948097,0.013224122021347285,event_t05_q005,4100,94100
56,head,650,593,10,0.09123076923076923,0.02607610709965229,event_t05_q005,4100,94100
57,stem,464,54,10,0.01163793103448276,0.020063769444823264,event_t05_q005,4100,94100
57,stage1.block1,4672,114,9,0.002440068493150685,0.0124331328086555,event_t05_q005,4100,94100
57,stage1.block2,4672,93,10,0.001990582191780822,0.01122229639440775,event_t05_q005,4100,94100
57,stage2.block1,14528,310,10,0.0021338105726872248,0.009778758510947227,event_t05_q005,4100,94100
57,stage2.block2,18560,472,10,0.002543103448275862,0.011395358107984066,event_t05_q005,4100,94100
57,stage3.block1,57728,2143,10,0.0037122366962305986,0.012000266369432211,event_t05_q005,4100,94100
57,stage3.block2,73984,4036,10,0.005455233564013841,0.013281258381903171,event_t05_q005,4100,94100
57,head,650,563,10,0.08661538461538462,0.025715922750532628,event_t05_q005,4100,94100
58,stem,464,75,10,0.016163793103448277,0.020253466814756392,event_t05_q005,4100,94100
58,stage1.block1,4672,110,10,0.0023544520547945204,0.012515106983482838,event_t05_q005,4100,94100
58,stage1.block2,4672,97,10,0.0020761986301369864,0.011288715060800314,event_t05_q005,4100,94100
58,stage2.block1,14528,327,10,0.002250825991189427,0.009843985922634602,event_t05_q005,4100,94100
58,stage2.block2,18560,504,10,0.0027155172413793104,0.011461556609719991,event_t05_q005,4100,94100
58,stage3.block1,57728,2280,10,0.003949556541019955,0.012090090475976468,event_t05_q005,4100,94100
58,stage3.block2,73984,4148,10,0.0056066176470588236,0.013389279507100582,event_t05_q005,4100,94100
58,head,650,612,10,0.09415384615384616,0.02609850335866213,event_t05_q005,4100,94100
59,stem,464,56,9,0.01206896551724138,0.020100149698555468,event_t05_q005,4100,94100
59,stage1.block1,4672,134,10,0.0028681506849315068,0.012618682533502578,event_t05_q005,4100,94100
59,stage1.block2,4672,85,10,0.001819349315068493,0.011351277772337198,event_t05_q005,4100,94100
59,stage2.block1,14528,329,10,0.002264592511013216,0.009912770707160234,event_t05_q005,4100,94100
59,stage2.block2,18560,578,10,0.0031142241379310343,0.011537701077759265,event_t05_q005,4100,94100
59,stage3.block1,57728,2508,10,0.004344512195121952,0.012193012982606888,event_t05_q005,4100,94100
59,stage3.block2,73984,4618,10,0.006241890138408305,0.013521762844175101,event_t05_q005,4100,94100
59,head,650,618,10,0.09507692307692307,0.02617022264748812,event_t05_q005,4100,94100
60,stem,464,72,10,0.015517241379310345,0.020429611764848234,event_t05_q005,4100,94100
60,stage1.block1,4672,152,10,0.0032534246575342467,0.01281724376603961,event_t05_q005,4100,94100
60,stage1.block2,4672,127,10,0.0027183219178082193,0.011501634865999222,event_t05_q005,4100,94100
60,stage2.block1,14528,454,10,0.003125,0.010043768677860498,event_t05_q005,4100,94100
60,stage2.block2,18560,667,10,0.00359375,0.011632860731333494,event_t05_q005,4100,94100
60,stage3.block1,57728,2831,10,0.004904032705099778,0.012316311988979579,event_t05_q005,4100,94100
60,stage3.block2,73984,5160,10,0.006974480968858132,0.013670861907303333,event_t05_q005,4100,94100
60,head,650,683,10,0.10507692307692308,0.027109868265688418,event_t05_q005,4100,94100
61,stem,464,97,9,0.020905172413793104,0.020751310139894487,event_t05_q005,4100,94100
61,stage1.block1,4672,180,10,0.003852739726027397,0.012931366637349128,event_t05_q005,4100,94100
61,stage1.block2,4672,112,10,0.002397260273972603,0.011567110195755959,event_t05_q005,4100,94100
61,stage2.block1,14528,365,10,0.0025123898678414097,0.01006616624072194,event_t05_q005,4100,94100
61,stage2.block2,18560,543,10,0.002925646551724138,0.011646173242479563,event_t05_q005,4100,94100
61,stage3.block1,57728,2511,10,0.004349708980044346,0.012370366044342518,event_t05_q005,4100,94100
61,stage3.block2,73984,4784,10,0.006466262975778547,0.013732846267521382,event_t05_q005,4100,94100
61,head,650,648,10,0.09969230769230769,0.026430197432637213,event_t05_q005,4100,94100
62,stem,464,93,9,0.02004310344827586,0.020841089077293873,event_t05_q005,4100,94100
62,stage1.block1,4672,232,10,0.004965753424657535,0.013130007591098548,event_t05_q005,4100,94100
62,stage1.block2,4672,108,10,0.0023116438356164384,0.011645259894430637,event_t05_q005,4100,94100
62,stage2.block1,14528,350,10,0.0024091409691629957,0.010144485160708427,event_t05_q005,4100,94100
62,stage2.block2,18560,551,10,0.00296875,0.011696225591003894,event_t05_q005,4100,94100
62,stage3.block1,57728,2610,10,0.0045212028824833704,0.012463624868541957,event_t05_q005,4100,94100
62,stage3.block2,73984,4810,10,0.00650140570934256,0.013844698574393988,event_t05_q005,4100,94100
62,head,650,628,10,0.09661538461538462,0.026211710274219514,event_t05_q005,4100,94100
63,stem,464,66,10,0.014224137931034483,0.02055509965866804,event_t05_q005,4100,94100
63,stage1.block1,4672,163,10,0.0034888698630136986,0.013135419692844152,event_t05_q005,4100,94100
63,stage1.block2,4672,107,10,0.0022902397260273974,0.011722991429269313,event_t05_q005,4100,94100
63,stage2.block1,14528,458,10,0.0031525330396475772,0.010240512527525425,event_t05_q005,4100,94100
63,stage2.block2,18560,587,10,0.0031627155172413795,0.01176252095028758,event_t05_q005,4100,94100
63,stage3.block1,57728,2653,10,0.004595690133037694,0.012553959153592587,event_t05_q005,4100,94100
63,stage3.block2,73984,4937,10,0.006673064446366782,0.013942698948085308,event_t05_q005,4100,94100
63,head,650,668,10,0.10276923076923077,0.02659828159958124,event_t05_q005,4100,94100
64,stem,464,101,10,0.021767241379310343,0.02105294894427061,event_t05_q005,4100,94100
64,stage1.block1,4672,187,10,0.004002568493150685,0.013281487114727496,event_t05_q005,4100,94100
64,stage1.block2,4672,123,9,0.002632705479452055,0.011801852658391,event_t05_q005,4100,94100
64,stage2.block1,14528,409,10,0.0028152533039647576,0.010292931087315082,event_t05_q005,4100,94100
64,stage2.block2,18560,595,10,0.0032058189655172413,0.011820757575333119,event_t05_q005,4100,94100
64,stage3.block1,57728,2543,10,0.004405141352549889,0.012625785358250142,event_t05_q005,4100,94100
64,stage3.block2,73984,4775,10,0.006454098183391003,0.014024459756910801,event_t05_q005,4100,94100
64,head,650,610,10,0.09384615384615384,0.026078253611922265,event_t05_q005,4100,94100
65,stem,464,67,9,0.014439655172413792,0.020716033503413202,event_t05_q005,4100,94100
65,stage1.block1,4672,109,10,0.0023330479452054794,0.013264571782201529,event_t05_q005,4100,94100
65,stage1.block2,4672,74,10,0.001583904109589041,0.011824204493314028,event_t05_q005,4100,94100
65,stage2.block1,14528,366,10,0.002519273127753304,0.01035059690475464,event_t05_q005,4100,94100
65,stage2.block2,18560,572,10,0.003081896551724138,0.011862361803650856,event_t05_q005,4100,94100
65,stage3.block1,57728,2753,10,0.004768916297117517,0.012713650707155466,event_t05_q005,4100,94100
65,stage3.block2,73984,4965,10,0.006710910467128028,0.01412630956619978,event_t05_q005,4100,94100
65,head,650,639,10,0.0983076923076923,0.02610843852162361,event_t05_q005,4100,94100
66,stem,464,72,10,0.015517241379310345,0.02079700641334057,event_t05_q005,4100,94100
66,stage1.block1,4672,141,10,0.0030179794520547947,0.013389010448008776,event_t05_q005,4100,94100
66,stage1.block2,4672,123,10,0.002632705479452055,0.01197428796440363,event_t05_q005,4100,94100
66,stage2.block1,14528,409,10,0.0028152533039647576,0.010444416757673025,event_t05_q005,4100,94100
66,stage2.block2,18560,619,10,0.0033351293103448276,0.01193613326177001,event_t05_q005,4100,94100
66,stage3.block1,57728,2646,10,0.004583564301552106,0.012784738559275866,event_t05_q005,4100,94100
66,stage3.block2,73984,4989,10,0.006743349913494809,0.014214021526277066,event_t05_q005,4100,94100
66,head,650,641,10,0.09861538461538462,0.026296071335673334,event_t05_q005,4100,94100
67,stem,464,81,9,0.017456896551724138,0.020940919406712055,event_t05_q005,4100,94100
67,stage1.block1,4672,174,9,0.0037243150684931506,0.01357086943462491,event_t05_q005,4100,94100
67,stage1.block2,4672,110,10,0.0023544520547945204,0.012036707252264023,event_t05_q005,4100,94100
67,stage2.block1,14528,367,10,0.0025261563876651984,0.010514189302921296,event_t05_q005,4100,94100
67,stage2.block2,18560,632,10,0.0034051724137931037,0.011990506108850241,event_t05_q005,4100,94100
67,stage3.block1,57728,2853,10,0.004942142461197339,0.012891732342541217,event_t05_q005,4100,94100
67,stage3.block2,73984,5336,10,0.007212370242214533,0.014337955135852098,event_t05_q005,4100,94100
67,head,650,644,10,0.09907692307692308,0.02663781214505434,event_t05_q005,4100,94100
68,stem,464,46,10,0.009913793103448277,0.02067377008497715,event_t05_q005,4100,94100
68,stage1.block1,4672,145,10,0.0031035958904109587,0.013556344341486693,event_t05_q005,4100,94100
68,stage1.block2,4672,90,10,0.0019263698630136985,0.012082661781460047,event_t05_q005,4100,94100
68,stage2.block1,14528,354,10,0.0024366740088105727,0.010564771108329296,event_t05_q005,4100,94100
68,stage2.block2,18560,602,10,0.0032435344827586206,0.012049750611186027,event_t05_q005,4100,94100
68,stage3.block1,57728,2483,10,0.0043012056541019954,0.012931497395038604,event_t05_q005,4100,94100
68,stage3.block2,73984,4589,10,0.006202692474048443,0.014358369261026382,event_t05_q005,4100,94100
68,head,650,603,10,0.09276923076923077,0.025932386890053748,event_t05_q005,4100,94100
69,stem,464,67,10,0.014439655172413792,0.020955654978752136,event_t05_q005,4100,94100
69,stage1.block1,4672,156,10,0.003339041095890411,0.013602590281516313,event_t05_q005,4100,94100
69,stage1.block2,4672,122,10,0.002611301369863014,0.012155799008905888,event_t05_q005,4100,94100
69,stage2.block1,14528,388,10,0.002670704845814978,0.010631455574184656,event_t05_q005,4100,94100
69,stage2.block2,18560,634,10,0.003415948275862069,0.01209999741986394,event_t05_q005,4100,94100
69,stage3.block1,57728,2715,10,0.004703090354767184,0.013011222518980504,event_t05_q005,4100,94100
69,stage3.block2,73984,4854,10,0.006560878027681661,0.01446646573022008,event_t05_q005,4100,94100
69,head,650,594,10,0.09138461538461538,0.02616564091295004,event_t05_q005,4100,94100
70,stem,464,72,10,0.015517241379310345,0.02090570665895939,event_t05_q005,4100,94100
70,stage1.block1,4672,108,10,0.0023116438356164384,0.013612347934395076,event_t05_q005,4100,94100
70,stage1.block2,4672,94,10,0.002011986301369863,0.012188767455518246,event_t05_q005,4100,94100
70,stage2.block1,14528,337,10,0.00231965859030837,0.010682126693427562,event_t05_q005,4100,94100
70,stage2.block2,18560,583,10,0.003141163793103448,0.012123226560652256,event_t05_q005,4100,94100
70,stage3.block1,57728,2680,10,0.004642461197339246,0.013061699271202088,event_t05_q005,4100,94100
70,stage3.block2,73984,5005,10,0.006764976211072664,0.01455429308116436,event_t05_q005,4100,94100
70,head,650,634,10,0.09753846153846153,0.026673554629087447,event_t05_q005,4100,94100
71,stem,464,77,10,0.016594827586206895,0.020946380309760572,event_t05_q005,4100,94100
71,stage1.block1,4672,170,10,0.003638698630136986,0.013767838105559349,event_t05_q005,4100,94100
71,stage1.block2,4672,127,10,0.0027183219178082193,0.012295911461114884,event_t05_q005,4100,94100
71,stage2.block1,14528,407,10,0.0028014867841409693,0.010773234907537699,event_t05_q005,4100,94100
71,stage2.block2,18560,621,10,0.003345905172413793,0.012196146976202726,event_t05_q005,4100,94100
71,stage3.block1,57728,2664,10,0.004614745011086475,0.013133766502141953,event_t05_q005,4100,94100
71,stage3.block2,73984,4949,10,0.006689284169550173,0.01462161187082529,event_t05_q005,4100,94100
71,head,650,690,10,0.10615384615384615,0.026883351616561413,event_t05_q005,4100,94100
72,stem,464,51,10,0.010991379310344827,0.020756828226149084,event_t05_q005,4100,94100
72,stage1.block1,4672,134,10,0.0028681506849315068,0.013745131809264422,event_t05_q005,4100,94100
72,stage1.block2,4672,104,10,0.002226027397260274,0.012304493226110935,event_t05_q005,4100,94100
72,stage2.block1,14528,325,10,0.002237059471365639,0.01080825561657548,event_t05_q005,4100,94100
72,stage2.block2,18560,611,10,0.0032920258620689653,0.012232513166964054,event_t05_q005,4100,94100
72,stage3.block1,57728,2431,10,0.004211128048780488,0.013176971022039652,event_t05_q005,4100,94100
72,stage3.block2,73984,4602,10,0.00622026384083045,0.014676182065159082,event_t05_q005,4100,94100
72,head,650,595,10,0.09153846153846154,0.025808203779160977,event_t05_q005,4100,94100
73,stem,464,78,10,0.016810344827586206,0.021069614961743355,event_t05_q005,4100,94100
73,stage1.block1,4672,114,10,0.002440068493150685,0.013796305004507303,event_t05_q005,4100,94100
73,stage1.block2,4672,84,10,0.001797945205479452,0.012336553353816272,event_t05_q005,4100,94100
73,stage2.block1,14528,288,10,0.001982378854625551,0.01084074666723609,event_t05_q005,4100,94100
73,stage2.block2,18560,531,10,0.0028609913793103446,0.012251746281981469,event_t05_q005,4100,94100
73,stage3.block1,57728,2459,10,0.0042596313747228385,0.013235320243984461,event_t05_q005,4100,94100
73,stage3.block2,73984,4735,10,0.006400032439446366,0.014756566565483808,event_t05_q005,4100,94100
73,head,650,575,10,0.08846153846153847,0.025741735845804213,event_t05_q005,4100,94100
74,stem,464,59,10,0.01271551724137931,0.021015836112201213,event_t05_q005,4100,94100
74,stage1.block1,4672,172,10,0.0036815068493150685,0.013893767353147268,event_t05_q005,4100,94100
74,stage1.block2,4672,102,10,0.002183219178082192,0.012430922873318196,event_t05_q005,4100,94100
74,stage2.block1,14528,409,10,0.0028152533039647576,0.010943511873483658,event_t05_q005,4100,94100
74,stage2.block2,18560,639,10,0.003442887931034483,0.012324740644544363,event_t05_q005,4100,94100
74,stage3.block1,57728,2947,10,0.0051049750554323725,0.013345809839665889,event_t05_q005,4100,94100
74,stage3.block2,73984,5555,10,0.007508380190311419,0.01489424668252468,event_t05_q005,4100,94100
74,head,650,621,10,0.09553846153846154,0.026492643170058727,event_t05_q005,4100,94100
75,stem,464,48,10,0.010344827586206896,0.02111735101789236,event_t05_q005,4100,94100
75,stage1.block1,4672,164,10,0.0035102739726027396,0.013966232258826494,event_t05_q005,4100,94100
75,stage1.block2,4672,117,10,0.0025042808219178083,0.012534739915281534,event_t05_q005,4100,94100
75,stage2.block1,14528,365,10,0.0025123898678414097,0.011009064875543118,event_t05_q005,4100,94100
75,stage2.block2,18560,606,10,0.003265086206896552,0.01236517196521163,event_t05_q005,4100,94100
75,stage3.block1,57728,2838,10,0.004916158536585366,0.013403130043298007,event_t05_q005,4100,94100
75,stage3.block2,73984,5472,10,0.007396193771626297,0.014961415249854327,event_t05_q005,4100,94100
75,head,650,654,10,0.10061538461538462,0.026870768144726755,event_t05_q005,4100,94100
76,stem,464,69,9,0.014870689655172414,0.021161427535116673,event_t05_q005,4100,94100
76,stage1.block1,4672,165,10,0.0035316780821917806,0.014012087509036064,event_t05_q005,4100,94100
76,stage1.block2,4672,127,10,0.0027183219178082193,0.012590809352695942,event_t05_q005,4100,94100
76,stage2.block1,14528,383,10,0.0026362885462555066,0.01108690518885851,event_t05_q005,4100,94100
76,stage2.block2,18560,581,10,0.0031303879310344827,0.012400749698281288,event_t05_q005,4100,94100
76,stage3.block1,57728,2599,10,0.00450214800443459,0.013443377893418073,event_t05_q005,4100,94100
76,stage3.block2,73984,4707,10,0.006362186418685121,0.014986659679561854,event_t05_q005,4100,94100
76,head,650,604,10,0.09292307692307693,0.026414002850651742,event_t05_q005,4100,94100
77,stem,464,68,10,0.014655172413793103,0.021291114017367364,event_t05_q005,4100,94100
77,stage1.block1,4672,194,10,0.004152397260273973,0.014122904371470213,event_t05_q005,4100,94100
77,stage1.block2,4672,107,10,0.0022902397260273974,0.01266936007887125,event_t05_q005,4100,94100
77,stage2.block1,14528,451,10,0.0031043502202643173,0.01118083018809557,event_t05_q005,4100,94100
77,stage2.block2,18560,728,10,0.003922413793103448,0.012485514022409916,event_t05_q005,4100,94100
77,stage3.block1,57728,2852,10,0.004940410199556541,0.013540740497410298,event_t05_q005,4100,94100
77,stage3.block2,73984,5665,10,0.007657060986159169,0.0151181579567492,event_t05_q005,4100,94100
77,head,650,720,10,0.11076923076923077,0.02726367171853781,event_t05_q005,4100,94100
78,stem,464,104,10,0.022413793103448276,0.021671845205128194,event_t05_q005,4100,94100
78,stage1.block1,4672,188,10,0.004023972602739726,0.014211175590753555,event_t05_q005,4100,94100
78,stage1.block2,4672,106,9,0.002268835616438356,0.012721144687384367,event_t05_q005,4100,94100
78,stage2.block1,14528,456,10,0.0031387665198237885,0.011225804314017295,event_t05_q005,4100,94100
78,stage2.block2,18560,675,10,0.003636853448275862,0.012522348575294018,event_t05_q005,4100,94100
78,stage3.block1,57728,2966,10,0.005137888026607538,0.01362434970214963,event_t05_q005,4100,94100
78,stage3.block2,73984,5404,10,0.007304282006920415,0.01518701622262597,event_t05_q005,4100,94100
78,head,650,690,10,0.10615384615384615,0.026870069839060307,event_t05_q005,4100,94100
79,stem,464,62,10,0.013362068965517242,0.02144355811178684,event_t05_q005,4100,94100
79,stage1.block1,4672,135,9,0.002889554794520548,0.014233770221471787,event_t05_q005,4100,94100
79,stage1.block2,4672,96,10,0.002054794520547945,0.012779977731406688,event_t05_q005,4100,94100
79,stage2.block1,14528,398,10,0.0027395374449339207,0.011247544083744287,event_t05_q005,4100,94100
79,stage2.block2,18560,591,10,0.0031842672413793104,0.012544629909098149,event_t05_q005,4100,94100
79,stage3.block1,57728,2679,10,0.004640728935698448,0.01365489475429058,event_t05_q005,4100,94100
79,stage3.block2,73984,4704,10,0.006358131487889274,0.015211710426956414,event_t05_q005,4100,94100
79,head,650,557,10,0.08569230769230769,0.02565558347851038,event_t05_q005,4100,94100
80,stem,464,79,10,0.017025862068965517,0.021750318445265295,event_t05_q005,4100,94100
80,stage1.block1,4672,189,10,0.004045376712328767,0.014340867940336465,event_t05_q005,4100,94100
80,stage1.block2,4672,97,10,0.0020761986301369864,0.012844625301659108,event_t05_q005,4100,94100
80,stage2.block1,14528,394,10,0.0027120044052863436,0.011294221226125955,event_t05_q005,4100,94100
80,stage2.block2,18560,660,10,0.003556034482758621,0.012612799927592278,event_t05_q005,4100,94100
80,stage3.block1,57728,2694,10,0.004666712860310421,0.013729277905076743,event_t05_q005,4100,94100
80,stage3.block2,73984,4856,10,0.006563581314878893,0.015295896027237178,event_t05_q005,4100,94100
80,head,650,595,10,0.09153846153846154,0.026159366965293883,event_t05_q005,4100,94100
81,stem,464,66,10,0.014224137931034483,0.021616302058100702,event_t05_q005,4100,94100
81,stage1.block1,4672,138,10,0.0029537671232876712,0.014348319917917251,event_t05_q005,4100,94100
81,stage1.block2,4672,99,10,0.0021190068493150685,0.012908546999096871,event_t05_q005,4100,94100
81,stage2.block1,14528,375,10,0.0025812224669603525,0.011339697055518627,event_t05_q005,4100,94100
81,stage2.block2,18560,644,10,0.0034698275862068964,0.012648020964115858,event_t05_q005,4100,94100
81,stage3.block1,57728,2698,10,0.0046736419068736145,0.013785575423389674,event_t05_q005,4100,94100
81,stage3.block2,73984,4734,10,0.006398680795847751,0.015357730165123939,event_t05_q005,4100,94100
81,head,650,611,10,0.094,0.026554450392723083,event_t05_q005,4100,94100
82,stem,464,75,10,0.016163793103448277,0.02162140104919672,event_t05_q005,4100,94100
82,stage1.block1,4672,131,10,0.0028039383561643838,0.014430827833712101,event_t05_q005,4100,94100
82,stage1.block2,4672,108,10,0.0023116438356164384,0.012975655309855939,event_t05_q005,4100,94100
82,stage2.block1,14528,405,10,0.0027877202643171806,0.011407236475497485,event_t05_q005,4100,94100
82,stage2.block2,18560,622,10,0.003351293103448276,0.012684017792344094,event_t05_q005,4100,94100
82,stage3.block1,57728,2893,10,0.005011432926829268,0.013864027522504329,event_t05_q005,4100,94100
82,stage3.block2,73984,5095,10,0.006886624134948097,0.01545971529558301,event_t05_q005,4100,94100
82,head,650,616,10,0.09476923076923077,0.02674920465797186,event_t05_q005,4100,94100
83,stem,464,67,10,0.014439655172413792,0.021434884145855905,event_t05_q005,4100,94100
83,stage1.block1,4672,209,10,0.004473458904109589,0.014581679366528988,event_t05_q005,4100,94100
83,stage1.block2,4672,133,10,0.0028467465753424658,0.013079929910600186,event_t05_q005,4100,94100
83,stage2.block1,14528,454,10,0.003125,0.011489210557192564,event_t05_q005,4100,94100
83,stage2.block2,18560,686,10,0.0036961206896551726,0.012765638995915651,event_t05_q005,4100,94100
83,stage3.block1,57728,2798,10,0.0048468680709534365,0.013924148213118315,event_t05_q005,4100,94100
83,stage3.block2,73984,4950,10,0.006690635813148789,0.015509434323757888,event_t05_q005,4100,94100
83,head,650,640,10,0.09846153846153846,0.02648444753140211,event_t05_q005,4100,94100
84,stem,464,61,9,0.013146551724137931,0.021269261091947555,event_t05_q005,4100,94100
84,stage1.block1,4672,182,10,0.0038955479452054795,0.01458003856241703,event_t05_q005,4100,94100
84,stage1.block2,4672,122,10,0.002611301369863014,0.013097709510475397,event_t05_q005,4100,94100
84,stage2.block1,14528,321,10,0.0022095264317180618,0.011499636527150869,event_t05_q005,4100,94100
84,stage2.block2,18560,545,10,0.0029364224137931032,0.012750651873648166,event_t05_q005,4100,94100
84,stage3.block1,57728,2563,10,0.004439786585365853,0.013954313937574625,event_t05_q005,4100,94100
84,stage3.block2,73984,4632,10,0.006260813148788927,0.01555267432704568,event_t05_q005,4100,94100
84,head,650,617,10,0.09492307692307693,0.026479177363216876,event_t05_q005,4100,94100
85,stem,464,66,10,0.014224137931034483,0.021356975845992564,event_t05_q005,4100,94100
85,stage1.block1,4672,165,10,0.0035316780821917806,0.014620696473866702,event_t05_q005,4100,94100
85,stage1.block2,4672,115,10,0.002461472602739726,0.013142093364149333,event_t05_q005,4100,94100
85,stage2.block1,14528,420,10,0.0028909691629955946,0.011590509116649628,event_t05_q005,4100,94100
85,stage2.block2,18560,607,10,0.0032704741379310344,0.012818204890936612,event_t05_q005,4100,94100
85,stage3.block1,57728,2619,10,0.004536793237250554,0.014031376596540213,event_t05_q005,4100,94100
85,stage3.block2,73984,4859,10,0.00656763624567474,0.015640824846923352,event_t05_q005,4100,94100
85,head,650,650,10,0.1,0.026812804117798805,event_t05_q005,4100,94100
86,stem,464,60,10,0.01293103448275862,0.02128582876175642,event_t05_q005,4100,94100
86,stage1.block1,4672,198,10,0.004238013698630137,0.014728377666324377,event_t05_q005,4100,94100
86,stage1.block2,4672,116,10,0.0024828767123287673,0.013223850633949041,event_t05_q005,4100,94100
86,stage2.block1,14528,461,10,0.00317318281938326,0.011647400353103876,event_t05_q005,4100,94100
86,stage2.block2,18560,659,10,0.003550646551724138,0.012884562741965056,event_t05_q005,4100,94100
86,stage3.block1,57728,2942,10,0.0050963137472283815,0.014117672853171826,event_t05_q005,4100,94100
86,stage3.block2,73984,4863,10,0.006573042820069204,0.015693698730319738,event_t05_q005,4100,94100
86,head,650,564,10,0.08676923076923077,0.025969893485307694,event_t05_q005,4100,94100
87,stem,464,33,9,0.007112068965517242,0.020794464834034444,event_t05_q005,4100,94100
87,stage1.block1,4672,112,10,0.002397260273972603,0.014636240806430579,event_t05_q005,4100,94100
87,stage1.block2,4672,86,10,0.0018407534246575343,0.013210216443985701,event_t05_q005,4100,94100
87,stage2.block1,14528,298,10,0.002051211453744493,0.011634857300668955,event_t05_q005,4100,94100
87,stage2.block2,18560,497,10,0.002677801724137931,0.012875129282474519,event_t05_q005,4100,94100
87,stage3.block1,57728,2423,10,0.004197269955654102,0.014114274550229311,event_t05_q005,4100,94100
87,stage3.block2,73984,4378,10,0.005917495674740484,0.015715870819985867,event_t05_q005,4100,94100
87,head,650,585,10,0.09,0.026048698090016843,event_t05_q005,4100,94100
88,stem,464,57,9,0.01228448275862069,0.0212688647210598,event_t05_q005,4100,94100
88,stage1.block1,4672,188,10,0.004023972602739726,0.014823863189667464,event_t05_q005,4100,94100
88,stage1.block2,4672,124,10,0.002654109589041096,0.013317385502159596,event_t05_q005,4100,94100
88,stage2.block1,14528,419,10,0.0028840859030837005,0.011733673047274351,event_t05_q005,4100,94100
88,stage2.block2,18560,683,10,0.003679956896551724,0.012969101406633854,event_t05_q005,4100,94100
88,stage3.block1,57728,2909,10,0.00503914911308204,0.014210351184010506,event_t05_q005,4100,94100
88,stage3.block2,73984,5159,10,0.006973129325259515,0.01585150444880128,event_t05_q005,4100,94100
88,head,650,649,10,0.09984615384615385,0.026560682617127896,event_t05_q005,4100,94100
89,stem,464,89,10,0.01918103448275862,0.021838990040123463,event_t05_q005,4100,94100
89,stage1.block1,4672,156,10,0.003339041095890411,0.0148898852057755,event_t05_q005,4100,94100
89,stage1.block2,4672,104,10,0.002226027397260274,0.013365929946303368,event_t05_q005,4100,94100
89,stage2.block1,14528,434,10,0.0029873348017621145,0.01179670039564371,event_t05_q005,4100,94100
89,stage2.block2,18560,675,10,0.003636853448275862,0.013009252678602933,event_t05_q005,4100,94100
89,stage3.block1,57728,2895,10,0.005014897450110865,0.014268722012639045,event_t05_q005,4100,94100
89,stage3.block2,73984,5048,10,0.006823096885813148,0.015918325167149305,event_t05_q005,4100,94100
89,head,650,604,10,0.09292307692307693,0.026180704496800898,event_t05_q005,4100,94100
90,stem,464,69,10,0.014870689655172414,0.021507138013839723,event_t05_q005,4100,94100
90,stage1.block1,4672,143,10,0.0030607876712328767,0.014920972939580678,event_t05_q005,4100,94100
90,stage1.block2,4672,107,10,0.0022902397260273974,0.013390283845365048,event_t05_q005,4100,94100
90,stage2.block1,14528,339,10,0.0023334251101321587,0.011803057882934809,event_t05_q005,4100,94100
90,stage2.block2,18560,614,10,0.0033081896551724137,0.013015751913189887,event_t05_q005,4100,94100
90,stage3.block1,57728,2451,10,0.004245773281596452,0.0142715685069561,event_t05_q005,4100,94100
90,stage3.block2,73984,4745,10,0.006413548875432526,0.015953381825238467,event_t05_q005,4100,94100
90,head,650,526,10,0.08092307692307692,0.02591447699815035,event_t05_q005,4100,94100
91,stem,464,60,10,0.01293103448275862,0.021528905630111693,event_t05_q005,4100,94100
91,stage1.block1,4672,114,10,0.002440068493150685,0.014943596255034209,event_t05_q005,4100,94100
91,stage1.block2,4672,73,10,0.0015625,0.013404187187552452,event_t05_q005,4100,94100
91,stage2.block1,14528,351,10,0.00241602422907489,0.011855161841958761,event_t05_q005,4100,94100
91,stage2.block2,18560,602,10,0.0032435344827586206,0.013060078117996454,event_t05_q005,4100,94100
91,stage3.block1,57728,2570,10,0.004451912416851441,0.014339482877403498,event_t05_q005,4100,94100
91,stage3.block2,73984,4925,10,0.006656844723183391,0.016019401792436837,event_t05_q005,4100,94100
91,head,650,623,10,0.09584615384615384,0.026829669810831548,event_t05_q005,4100,94100
92,stem,464,94,10,0.02025862068965517,0.021608608774840832,event_t05_q005,4100,94100
92,stage1.block1,4672,125,10,0.002675513698630137,0.015024934243410826,event_t05_q005,4100,94100
92,stage1.block2,4672,95,10,0.002033390410958904,0.013490483909845353,event_t05_q005,4100,94100
92,stage2.block1,14528,300,10,0.002064977973568282,0.01189398169517517,event_t05_q005,4100,94100
92,stage2.block2,18560,526,10,0.0028340517241379312,0.013065813668072223,event_t05_q005,4100,94100
92,stage3.block1,57728,2311,10,0.004003256651884701,0.014366163127124309,event_t05_q005,4100,94100
92,stage3.block2,73984,4473,10,0.006045901816608997,0.016033081989735364,event_t05_q005,4100,94100
92,head,650,646,10,0.09938461538461539,0.02647389452904463,event_t05_q005,4100,94100
93,stem,464,64,9,0.013793103448275862,0.021472331322729587,event_t05_q005,4100,94100
93,stage1.block1,4672,195,10,0.004173801369863014,0.015230716671794653,event_t05_q005,4100,94100
93,stage1.block2,4672,147,10,0.003146404109589041,0.01361251063644886,event_t05_q005,4100,94100
93,stage2.block1,14528,438,10,0.0030148678414096916,0.012017273437231779,event_t05_q005,4100,94100
93,stage2.block2,18560,756,10,0.004073275862068965,0.013181081507354975,event_t05_q005,4100,94100
93,stage3.block1,57728,3209,10,0.005558827605321508,0.014513480383902789,event_t05_q005,4100,94100
93,stage3.block2,73984,5539,10,0.007486753892733564,0.016182154603302478,event_t05_q005,4100,94100
93,head,650,652,10,0.1003076923076923,0.026755896955728532,event_t05_q005,4100,94100
94,stem,464,67,10,0.014439655172413792,0.0213515255600214,event_t05_q005,4100,94100
94,stage1.block1,4672,176,10,0.003767123287671233,0.015226342715322971,event_t05_q005,4100,94100
94,stage1.block2,4672,103,10,0.002204623287671233,0.01363385170698166,event_t05_q005,4100,94100
94,stage2.block1,14528,410,10,0.002822136563876652,0.01206554491072893,event_t05_q005,4100,94100
94,stage2.block2,18560,642,10,0.003459051724137931,0.013189671002328396,event_t05_q005,4100,94100
94,stage3.block1,57728,2847,10,0.00493174889135255,0.014534819964319467,event_t05_q005,4100,94100
94,stage3.block2,73984,5309,10,0.007175875865051903,0.016230839490890502,event_t05_q005,4100,94100
94,head,650,591,10,0.09092307692307693,0.026154975034296514,event_t05_q005,4100,94100
95,stem,464,78,10,0.016810344827586206,0.0215549124404788,event_t05_q005,4100,94100
95,stage1.block1,4672,201,10,0.00430222602739726,0.015326652582734824,event_t05_q005,4100,94100
95,stage1.block2,4672,117,10,0.0025042808219178083,0.013704245910048485,event_t05_q005,4100,94100
95,stage2.block1,14528,405,10,0.0027877202643171806,0.012114002835005522,event_t05_q005,4100,94100
95,stage2.block2,18560,631,10,0.0033997844827586207,0.01322221327573061,event_t05_q005,4100,94100
95,stage3.block1,57728,2725,10,0.0047204129711751665,0.014582916535437107,event_t05_q005,4100,94100
95,stage3.block2,73984,5135,10,0.006940689878892734,0.01627711020410061,event_t05_q005,4100,94100
95,head,650,627,10,0.09646153846153846,0.02636939361691475,event_t05_q005,4100,94100
96,stem,464,56,10,0.01206896551724138,0.021527299471199513,event_t05_q005,4100,94100
96,stage1.block1,4672,169,10,0.003617294520547945,0.015363682620227337,event_t05_q005,4100,94100
96,stage1.block2,4672,103,10,0.002204623287671233,0.013763402495533228,event_t05_q005,4100,94100
96,stage2.block1,14528,431,10,0.0029666850220264316,0.012164798006415367,event_t05_q005,4100,94100
96,stage2.block2,18560,583,10,0.003141163793103448,0.013263236917555331,event_t05_q005,4100,94100
96,stage3.block1,57728,2860,10,0.004954268292682927,0.01464431658387184,event_t05_q005,4100,94100
96,stage3.block2,73984,4948,10,0.006687932525951557,0.016317822970449924,event_t05_q005,4100,94100
96,head,650,540,10,0.08307692307692308,0.025839900970458983,event_t05_q005,4100,94100
97,stem,464,72,10,0.015517241379310345,0.021749433875083924,event_t05_q005,4100,94100
97,stage1.block1,4672,198,10,0.004238013698630137,0.015456397738307714,event_t05_q005,4100,94100
97,stage1.block2,4672,116,10,0.0024828767123287673,0.01387517610564828,event_t05_q005,4100,94100
97,stage2.block1,14528,440,10,0.0030286343612334803,0.012227332219481468,event_t05_q005,4100,94100
97,stage2.block2,18560,672,10,0.003620689655172414,0.013337753992527724,event_t05_q005,4100,94100
97,stage3.block1,57728,2792,10,0.004836474501108647,0.014698625449091196,event_t05_q005,4100,94100
97,stage3.block2,73984,5219,10,0.007054227941176471,0.016391106881201267,event_t05_q005,4100,94100
97,head,650,592,10,0.09107692307692308,0.026210536994040013,event_t05_q005,4100,94100
98,stem,464,106,10,0.022844827586206897,0.02230031117796898,event_t05_q005,4100,94100
98,stage1.block1,4672,246,10,0.00526541095890411,0.015612174104899169,event_t05_q005,4100,94100
98,stage1.block2,4672,163,10,0.0034888698630136986,0.01398583659902215,event_t05_q005,4100,94100
98,stage2.block1,14528,504,10,0.0034691629955947135,0.012313462421298027,event_t05_q005,4100,94100
98,stage2.block2,18560,831,10,0.004477370689655172,0.01344029325991869,event_t05_q005,4100,94100
98,stage3.block1,57728,3448,10,0.005972838137472284,0.01482792254537344,event_t05_q005,4100,94100
98,stage3.block2,73984,6312,10,0.008531574394463668,0.016539610363543032,event_t05_q005,4100,94100
98,head,650,653,10,0.10046153846153846,0.026877527683973314,event_t05_q005,4100,94100
99,stem,464,75,10,0.016163793103448277,0.022029736638069154,event_t05_q005,4100,94100
99,stage1.block1,4672,203,10,0.004345034246575343,0.015607843454927207,event_t05_q005,4100,94100
99,stage1.block2,4672,153,10,0.0032748287671232877,0.014046604000031947,event_t05_q005,4100,94100
99,stage2.block1,14528,413,10,0.0028427863436123347,0.012339476961642504,event_t05_q005,4100,94100
99,stage2.block2,18560,710,10,0.0038254310344827585,0.013438111916184426,event_t05_q005,4100,94100
99,stage3.block1,57728,3078,10,0.00533190133037694,0.014847132936120033,event_t05_q005,4100,94100
99,stage3.block2,73984,5397,10,0.007294820501730104,0.016534623317420484,event_t05_q005,4100,94100
99,head,650,622,10,0.09569230769230769,0.02657804563641548,event_t05_q005,4100,94100
100,stem,464,118,10,0.02543103448275862,0.022596257366240026,event_t05_q005,4100,94100
100,stage1.block1,4672,223,10,0.004773116438356165,0.015721406787633896,event_t05_q005,4100,94100
100,stage1.block2,4672,133,10,0.0028467465753424658,0.014076546579599381,event_t05_q005,4100,94100
100,stage2.block1,14528,408,10,0.0028083700440528635,0.01239717360585928,event_t05_q005,4100,94100
100,stage2.block2,18560,631,10,0.0033997844827586207,0.013446694239974022,event_t05_q005,4100,94100
100,stage3.block1,57728,2811,10,0.004869387472283814,0.014885133784264325,event_t05_q005,4100,94100
100,stage3.block2,73984,5043,10,0.006816338667820069,0.016569195501506328,event_t05_q005,4100,94100
100,head,650,574,10,0.08830769230769231,0.02632572818547487,event_t05_q005,4100,94100
101,stem,464,108,10,0.02327586206896552,0.022306147776544095,event_t05_q005,4100,94100
101,stage1.block1,4672,226,10,0.004837328767123288,0.015811827965080738,event_t05_q005,4100,94100
101,stage1.block2,4672,133,10,0.0028467465753424658,0.014125843346118928,event_t05_q005,4100,94100
101,stage2.block1,14528,479,10,0.003297081497797357,0.01246460508555174,event_t05_q005,4100,94100
101,stage2.block2,18560,720,10,0.003879310344827586,0.0134898928925395,event_t05_q005,4100,94100
101,stage3.block1,57728,2917,10,0.005053007206208425,0.01494914535433054,event_t05_q005,4100,94100
101,stage3.block2,73984,5310,10,0.007177227508650519,0.01664731726050377,event_t05_q005,4100,94100
101,head,650,670,10,0.10307692307692308,0.02689539585262537,event_t05_q005,4100,94100
102,stem,464,84,10,0.01810344827586207,0.02187025211751461,event_t05_q005,4100,94100
102,stage1.block1,4672,198,10,0.004238013698630137,0.01583726014941931,event_t05_q005,4100,94100
102,stage1.block2,4672,102,10,0.002183219178082192,0.014150686096400023,event_t05_q005,4100,94100
102,stage2.block1,14528,376,10,0.0025881057268722467,0.012471023481339216,event_t05_q005,4100,94100
102,stage2.block2,18560,624,10,0.0033620689655172414,0.01349412826821208,event_t05_q005,4100,94100
102,stage3.block1,57728,3035,10,0.005257414079822617,0.015000108163803816,event_t05_q005,4100,94100
102,stage3.block2,73984,5506,10,0.007442149653979239,0.01671320516616106,event_t05_q005,4100,94100
102,head,650,618,10,0.09507692307692307,0.026490801572799684,event_t05_q005,4100,94100
103,stem,464,78,10,0.016810344827586206,0.02184061985462904,event_t05_q005,4100,94100
103,stage1.block1,4672,196,10,0.004195205479452055,0.01587893972173333,event_t05_q005,4100,94100
103,stage1.block2,4672,121,10,0.002589897260273973,0.014222985785454511,event_t05_q005,4100,94100
103,stage2.block1,14528,376,10,0.0025881057268722467,0.012518542446196079,event_t05_q005,4100,94100
103,stage2.block2,18560,601,10,0.003238146551724138,0.013518973346799612,event_t05_q005,4100,94100
103,stage3.block1,57728,2780,10,0.004815687361419069,0.015021494869142771,event_t05_q005,4100,94100
103,stage3.block2,73984,4886,10,0.00660413062283737,0.016730176098644734,event_t05_q005,4100,94100
103,head,650,581,10,0.08938461538461538,0.026293569430708884,event_t05_q005,4100,94100
104,stem,464,77,10,0.016594827586206895,0.021986054629087447,event_t05_q005,4100,94100
104,stage1.block1,4672,167,10,0.003574486301369863,0.015908587258309126,event_t05_q005,4100,94100
104,stage1.block2,4672,123,10,0.002632705479452055,0.014235002361238003,event_t05_q005,4100,94100
104,stage2.block1,14528,365,10,0.0025123898678414097,0.012551427818834782,event_t05_q005,4100,94100
104,stage2.block2,18560,597,10,0.0032165948275862067,0.013539835251867771,event_t05_q005,4100,94100
104,stage3.block1,57728,2751,10,0.00476545177383592,0.015062654577195644,event_t05_q005,4100,94100
104,stage3.block2,73984,4986,10,0.006739294982698962,0.016782945580780508,event_t05_q005,4100,94100
104,head,650,625,10,0.09615384615384616,0.02642359733581543,event_t05_q005,4100,94100
105,stem,464,87,10,0.01875,0.022191950306296348,event_t05_q005,4100,94100
105,stage1.block1,4672,144,10,0.0030821917808219177,0.015865618269890545,event_t05_q005,4100,94100
105,stage1.block2,4672,68,10,0.0014554794520547946,0.014182397816330194,event_t05_q005,4100,94100
105,stage2.block1,14528,353,10,0.0024297907488986786,0.012562562245875597,event_t05_q005,4100,94100
105,stage2.block2,18560,529,10,0.002850215517241379,0.013539377134293318,event_t05_q005,4100,94100
105,stage3.block1,57728,2606,10,0.004514273835920178,0.015095749869942665,event_t05_q005,4100,94100
105,stage3.block2,73984,4971,10,0.006719020328719723,0.016817485354840754,event_t05_q005,4100,94100
105,head,650,576,10,0.08861538461538461,0.026128287240862847,event_t05_q005,4100,94100
106,stem,464,84,10,0.01810344827586207,0.021767554245889185,event_t05_q005,4100,94100
106,stage1.block1,4672,206,10,0.004409246575342466,0.01599744437262416,event_t05_q005,4100,94100
106,stage1.block2,4672,125,10,0.002675513698630137,0.014292953629046678,event_t05_q005,4100,94100
106,stage2.block1,14528,381,10,0.002622522026431718,0.01264176107943058,event_t05_q005,4100,94100
106,stage2.block2,18560,688,10,0.003706896551724138,0.013629825226962567,event_t05_q005,4100,94100
106,stage3.block1,57728,2965,10,0.005136155764966741,0.015179986320436,event_t05_q005,4100,94100
106,stage3.block2,73984,5238,10,0.007079909169550173,0.01689595952630043,event_t05_q005,4100,94100
106,head,650,605,10,0.09307692307692307,0.026684460788965227,event_t05_q005,4100,94100
107,stem,464,94,10,0.02025862068965517,0.022171968407928944,event_t05_q005,4100,94100
107,stage1.block1,4672,225,10,0.004815924657534247,0.016131942812353372,event_t05_q005,4100,94100
107,stage1.block2,4672,120,10,0.0025684931506849314,0.014370758179575205,event_t05_q005,4100,94100
107,stage2.block1,14528,461,10,0.00317318281938326,0.01271873926743865,event_t05_q005,4100,94100
107,stage2.block2,18560,654,10,0.003523706896551724,0.013665565196424723,event_t05_q005,4100,94100
107,stage3.block1,57728,2876,10,0.0049819844789356985,0.015229206625372171,event_t05_q005,4100,94100
107,stage3.block2,73984,5251,10,0.00709748053633218,0.01695184167474508,event_t05_q005,4100,94100
107,head,650,631,10,0.09707692307692307,0.02683621346950531,event_t05_q005,4100,94100
108,stem,464,115,10,0.02478448275862069,0.022334046289324762,event_t05_q005,4100,94100
108,stage1.block1,4672,297,10,0.006357020547945205,0.016349611803889275,event_t05_q005,4100,94100
108,stage1.block2,4672,219,10,0.0046875,0.014584396127611398,event_t05_q005,4100,94100
108,stage2.block1,14528,573,10,0.003944107929515418,0.012835383787751198,event_t05_q005,4100,94100
108,stage2.block2,18560,920,10,0.004956896551724138,0.013780530169606208,event_t05_q005,4100,94100
108,stage3.block1,57728,3330,10,0.0057684312638580934,0.015337527077645064,event_t05_q005,4100,94100
108,stage3.block2,73984,6098,10,0.008242322664359862,0.01707611382007599,event_t05_q005,4100,94100
108,head,650,657,10,0.10107692307692308,0.027215011045336725,event_t05_q005,4100,94100
109,stem,464,96,10,0.020689655172413793,0.022273044846951962,event_t05_q005,4100,94100
109,stage1.block1,4672,330,10,0.007063356164383561,0.016446892544627188,event_t05_q005,4100,94100
109,stage1.block2,4672,204,10,0.004366438356164384,0.014662848133593798,event_t05_q005,4100,94100
109,stage2.block1,14528,521,10,0.0035861784140969162,0.012889817543327808,event_t05_q005,4100,94100
109,stage2.block2,18560,903,10,0.004865301724137931,0.013829950429499149,event_t05_q005,4100,94100
109,stage3.block1,57728,3613,10,0.006258661308203991,0.015420597046613693,event_t05_q005,4100,94100
109,stage3.block2,73984,6067,10,0.008200421712802768,0.017132917977869512,event_t05_q005,4100,94100
109,head,650,670,10,0.10307692307692308,0.027405141107738017,event_t05_q005,4100,94100
110,stem,464,74,10,0.015948275862068966,0.02227204144001007,event_t05_q005,4100,94100
110,stage1.block1,4672,250,10,0.005351027397260274,0.016465045046061277,event_t05_q005,4100,94100
110,stage1.block2,4672,155,10,0.0033176369863013697,0.014701948594301939,event_t05_q005,4100,94100
110,stage2.block1,14528,447,10,0.0030768171806167402,0.012919352762401104,event_t05_q005,4100,94100
110,stage2.block2,18560,759,10,0.004089439655172414,0.013819032069295644,event_t05_q005,4100,94100
110,stage3.block1,57728,3004,10,0.005203713968957871,0.01542413029819727,event_t05_q005,4100,94100
110,stage3.block2,73984,5468,10,0.0073907871972318335,0.01713027711957693,event_t05_q005,4100,94100
110,head,650,638,10,0.09815384615384615,0.026766409911215306,event_t05_q005,4100,94100
111,stem,464,58,10,0.0125,0.02199501935392618,event_t05_q005,4100,94100
111,stage1.block1,4672,204,10,0.004366438356164384,0.01648913687095046,event_t05_q005,4100,94100
111,stage1.block2,4672,136,10,0.0029109589041095892,0.01475756885483861,event_t05_q005,4100,94100
111,stage2.block1,14528,426,10,0.0029322687224669604,0.012956500612199306,event_t05_q005,4100,94100
111,stage2.block2,18560,662,10,0.0035668103448275863,0.013813237380236387,event_t05_q005,4100,94100
111,stage3.block1,57728,2970,10,0.005144817073170732,0.015460650529712438,event_t05_q005,4100,94100
111,stage3.block2,73984,5153,10,0.00696501946366782,0.01715953480452299,event_t05_q005,4100,94100
111,head,650,546,10,0.084,0.026234015077352523,event_t05_q005,4100,94100
112,stem,464,81,10,0.017456896551724138,0.02250255960971117,event_t05_q005,4100,94100
112,stage1.block1,4672,281,10,0.0060145547945205475,0.01664540860801935,event_t05_q005,4100,94100
112,stage1.block2,4672,174,10,0.0037243150684931506,0.014831769745796919,event_t05_q005,4100,94100
112,stage2.block1,14528,528,10,0.003634361233480176,0.01303804935887456,event_t05_q005,4100,94100
112,stage2.block2,18560,819,10,0.004412715517241379,0.013898364827036857,event_t05_q005,4100,94100
112,stage3.block1,57728,3340,10,0.0057857538802660756,0.015547094959765672,event_t05_q005,4100,94100
112,stage3.block2,73984,5698,10,0.007701665224913495,0.017249258048832417,event_t05_q005,4100,94100
112,head,650,661,10,0.10169230769230769,0.02717449888586998,event_t05_q005,4100,94100
113,stem,464,83,10,0.01788793103448276,0.022961043193936347,event_t05_q005,4100,94100
113,stage1.block1,4672,289,10,0.0061857876712328765,0.01672850027680397,event_t05_q005,4100,94100
113,stage1.block2,4672,151,10,0.0032320205479452056,0.014853212237358093,event_t05_q005,4100,94100
113,stage2.block1,14528,498,10,0.003427863436123348,0.01306644007563591,event_t05_q005,4100,94100
113,stage2.block2,18560,774,10,0.0041702586206896555,0.01391454143449664,event_t05_q005,4100,94100
113,stage3.block1,57728,3120,10,0.0054046563192904655,0.015561079699546098,event_t05_q005,4100,94100
113,stage3.block2,73984,5411,10,0.007313743512110726,0.017273844964802266,event_t05_q005,4100,94100
113,head,650,568,10,0.08738461538461538,0.02645889613777399,event_t05_q005,4100,94100
114,stem,464,66,10,0.014224137931034483,0.022781552374362947,event_t05_q005,4100,94100
114,stage1.block1,4672,273,10,0.0058433219178082195,0.016735295485705137,event_t05_q005,4100,94100
114,stage1.block2,4672,153,10,0.0032748287671232877,0.01488551776856184,event_t05_q005,4100,94100
114,stage2.block1,14528,508,10,0.003496696035242291,0.013110601156949998,event_t05_q005,4100,94100
114,stage2.block2,18560,653,10,0.0035183189655172416,0.013920601084828376,event_t05_q005,4100,94100
114,stage3.block1,57728,3170,10,0.005491269401330377,0.015610632672905921,event_t05_q005,4100,94100
114,stage3.block2,73984,5653,10,0.007640841262975779,0.017346809431910516,event_t05_q005,4100,94100
114,head,650,659,10,0.10138461538461538,0.026784689165651798,event_t05_q005,4100,94100
115,stem,464,121,10,0.026077586206896552,0.02308616749942303,event_t05_q005,4100,94100
115,stage1.block1,4672,263,10,0.0056292808219178085,0.016807659436017273,event_t05_q005,4100,94100
115,stage1.block2,4672,175,10,0.0037457191780821916,0.014972724579274654,event_t05_q005,4100,94100
115,stage2.block1,14528,561,10,0.003861508810572687,0.013168445136398078,event_t05_q005,4100,94100
115,stage2.block2,18560,781,10,0.004207974137931034,0.013977810274809599,event_t05_q005,4100,94100
115,stage3.block1,57728,3086,10,0.0053457594235033256,0.015653485711663962,event_t05_q005,4100,94100
115,stage3.block2,73984,5467,10,0.007389435553633218,0.017376084998250007,event_t05_q005,4100,94100
115,head,650,609,10,0.09369230769230769,0.026443589851260184,event_t05_q005,4100,94100
116,stem,464,111,10,0.023922413793103448,0.02282928228378296,event_t05_q005,4100,94100
116,stage1.block1,4672,276,10,0.0059075342465753425,0.016930460929870605,event_t05_q005,4100,94100
116,stage1.block2,4672,138,10,0.0029537671232876712,0.015004477463662624,event_t05_q005,4100,94100
116,stage2.block1,14528,448,10,0.0030837004405286344,0.013185091130435467,event_t05_q005,4100,94100
116,stage2.block2,18560,729,10,0.003927801724137931,0.013996332511305809,event_t05_q005,4100,94100
116,stage3.block1,57728,2981,10,0.0051638719512195124,0.01567752854898572,event_t05_q005,4100,94100
116,stage3.block2,73984,5394,10,0.007290765570934256,0.01739987526088953,event_t05_q005,4100,94100
116,head,650,629,10,0.09676923076923077,0.02646783962845802,event_t05_q005,4100,94100
117,stem,464,125,10,0.02693965517241379,0.02323327399790287,event_t05_q005,4100,94100
117,stage1.block1,4672,362,10,0.007748287671232877,0.017102116346359254,event_t05_q005,4100,94100
117,stage1.block2,4672,201,10,0.00430222602739726,0.015179750416427851,event_t05_q005,4100,94100
117,stage2.block1,14528,563,10,0.003875275330396476,0.01328526772558689,event_t05_q005,4100,94100
117,stage2.block2,18560,882,10,0.004752155172413793,0.014093707036226987,event_t05_q005,4100,94100
117,stage3.block1,57728,3277,10,0.005676621396895787,0.01576214572414756,event_t05_q005,4100,94100
117,stage3.block2,73984,5820,10,0.007866565743944638,0.01748796980828047,event_t05_q005,4100,94100
117,head,650,616,10,0.09476923076923077,0.026675811037421227,event_t05_q005,4100,94100
118,stem,464,108,10,0.02327586206896552,0.022852348163723946,event_t05_q005,4100,94100
118,stage1.block1,4672,276,10,0.0059075342465753425,0.017059590294957162,event_t05_q005,4100,94100
118,stage1.block2,4672,191,10,0.004088184931506849,0.015224542282521725,event_t05_q005,4100,94100
118,stage2.block1,14528,503,10,0.0034622797356828193,0.013321431260555983,event_t05_q005,4100,94100
118,stage2.block2,18560,812,10,0.004375,0.014126921072602272,event_t05_q005,4100,94100
118,stage3.block1,57728,3388,10,0.00586890243902439,0.0158219238743186,event_t05_q005,4100,94100
118,stage3.block2,73984,6258,10,0.008458585640138409,0.01756169106811285,event_t05_q005,4100,94100
118,head,650,673,10,0.10353846153846154,0.02734082881361246,event_t05_q005,4100,94100
119,stem,464,73,10,0.015732758620689655,0.022512707859277725,event_t05_q005,4100,94100
119,stage1.block1,4672,267,10,0.0057148972602739725,0.017061973735690118,event_t05_q005,4100,94100
119,stage1.block2,4672,135,10,0.002889554794520548,0.01522305216640234,event_t05_q005,4100,94100
119,stage2.block1,14528,502,10,0.003455396475770925,0.013350434135645628,event_t05_q005,4100,94100
119,stage2.block2,18560,763,10,0.004110991379310345,0.014131439290940762,event_t05_q005,4100,94100
119,stage3.block1,57728,3112,10,0.00539079822616408,0.015833732206374407,event_t05_q005,4100,94100
119,stage3.block2,73984,5460,10,0.007379974048442907,0.017549793981015683,event_t05_q005,4100,94100
119,head,650,608,10,0.09353846153846154,0.026484461687505245,event_t05_q005,4100,94100
120,stem,464,100,10,0.021551724137931036,0.022919772192835808,event_t05_q005,4100,94100
120,stage1.block1,4672,260,10,0.005565068493150685,0.017102916724979877,event_t05_q005,4100,94100
120,stage1.block2,4672,146,10,0.003125,0.015267952997237443,event_t05_q005,4100,94100
120,stage2.block1,14528,436,10,0.0030011013215859032,0.013365589175373315,event_t05_q005,4100,94100
120,stage2.block2,18560,647,10,0.0034859913793103448,0.014132126979529858,event_t05_q005,4100,94100
120,stage3.block1,57728,2834,10,0.004909229490022173,0.01585653508082032,event_t05_q005,4100,94100
120,stage3.block2,73984,5163,10,0.006978535899653979,0.017581951804459095,event_t05_q005,4100,94100
120,head,650,625,10,0.09615384615384616,0.026608610153198244,event_t05_q005,4100,94100
121,stem,464,78,10,0.016810344827586206,0.022495205327868462,event_t05_q005,4100,94100
121,stage1.block1,4672,260,10,0.005565068493150685,0.01713828565552831,event_t05_q005,4100,94100
121,stage1.block2,4672,151,10,0.0032320205479452056,0.015300145745277405,event_t05_q005,4100,94100
121,stage2.block1,14528,428,10,0.0029460352422907487,0.013386953435838223,event_t05_q005,4100,94100
121,stage2.block2,18560,648,10,0.0034913793103448277,0.014170007687062025,event_t05_q005,4100,94100
121,stage3.block1,57728,2907,10,0.005035684589800443,0.01591593474149704,event_t05_q005,4100,94100
121,stage3.block2,73984,5510,10,0.007447556228373702,0.01764627993106842,event_t05_q005,4100,94100
121,head,650,639,10,0.0983076923076923,0.026490339450538157,event_t05_q005,4100,94100
122,stem,464,97,10,0.020905172413793104,0.022856170684099196,event_t05_q005,4100,94100
122,stage1.block1,4672,265,10,0.0056720890410958905,0.01719255018979311,event_t05_q005,4100,94100
122,stage1.block2,4672,178,10,0.003809931506849315,0.0153434744104743,event_t05_q005,4100,94100
122,stage2.block1,14528,527,10,0.003627477973568282,0.01348521038889885,event_t05_q005,4100,94100
122,stage2.block2,18560,845,10,0.0045528017241379315,0.014274164754897355,event_t05_q005,4100,94100
122,stage3.block1,57728,3611,10,0.006255196784922395,0.016029804944992065,event_t05_q005,4100,94100
122,stage3.block2,73984,6027,10,0.008146355968858132,0.017740909568965436,event_t05_q005,4100,94100
122,head,650,683,10,0.10507692307692308,0.0270012142136693,event_t05_q005,4100,94100
123,stem,464,86,10,0.01853448275862069,0.02283907886594534,event_t05_q005,4100,94100
123,stage1.block1,4672,285,10,0.006100171232876712,0.017259140312671662,event_t05_q005,4100,94100
123,stage1.block2,4672,173,10,0.0037029109589041096,0.015399827063083649,event_t05_q005,4100,94100
123,stage2.block1,14528,543,10,0.00373761013215859,0.013530374504625797,event_t05_q005,4100,94100
123,stage2.block2,18560,859,10,0.00462823275862069,0.014294752664864064,event_t05_q005,4100,94100
123,stage3.block1,57728,3240,10,0.005612527716186253,0.01604286041110754,event_t05_q005,4100,94100
123,stage3.block2,73984,5723,10,0.007735456314878893,0.017764978855848313,event_t05_q005,4100,94100
123,head,650,626,10,0.0963076923076923,0.026413965784013272,event_t05_q005,4100,94100
124,stem,464,104,10,0.022413793103448276,0.0229703139513731,event_t05_q005,4100,94100
124,stage1.block1,4672,305,10,0.006528253424657534,0.01733215767890215,event_t05_q005,4100,94100
124,stage1.block2,4672,181,10,0.0038741438356164385,0.015461630839854478,event_t05_q005,4100,94100
124,stage2.block1,14528,523,10,0.003599944933920705,0.01358395367860794,event_t05_q005,4100,94100
124,stage2.block2,18560,783,10,0.00421875,0.014320114254951477,event_t05_q005,4100,94100
124,stage3.block1,57728,3392,10,0.005875831485587583,0.01609998717904091,event_t05_q005,4100,94100
124,stage3.block2,73984,6072,10,0.008207179930795849,0.017841736786067486,event_t05_q005,4100,94100
124,head,650,656,10,0.10092307692307692,0.026759141497313975,event_t05_q005,4100,94100
125,stem,464,78,10,0.016810344827586206,0.02275676801800728,event_t05_q005,4100,94100
125,stage1.block1,4672,262,10,0.0056078767123287675,0.017350174486637115,event_t05_q005,4100,94100
125,stage1.block2,4672,179,10,0.003831335616438356,0.015524898376315831,event_t05_q005,4100,94100
125,stage2.block1,14528,520,10,0.003579295154185022,0.01361094620078802,event_t05_q005,4100,94100
125,stage2.block2,18560,769,10,0.004143318965517242,0.014342944044619799,event_t05_q005,4100,94100
125,stage3.block1,57728,3213,10,0.0055657566518847006,0.016133913956582546,event_t05_q005,4100,94100
125,stage3.block2,73984,5668,10,0.007661115916955018,0.017869442328810693,event_t05_q005,4100,94100
125,head,650,598,10,0.092,0.02633773386478424,event_t05_q005,4100,94100
126,stem,464,163,10,0.03512931034482759,0.0235537463799119,event_t05_q005,4100,94100
126,stage1.block1,4672,414,10,0.008861301369863014,0.01756066530942917,event_t05_q005,4100,94100
126,stage1.block2,4672,204,10,0.004366438356164384,0.0156323847360909,event_t05_q005,4100,94100
126,stage2.block1,14528,555,10,0.003820209251101322,0.013696009293198586,event_t05_q005,4100,94100
126,stage2.block2,18560,877,10,0.0047252155172413796,0.014421749394387007,event_t05_q005,4100,94100
126,stage3.block1,57728,3693,10,0.006397242239467849,0.01622364008799195,event_t05_q005,4100,94100
126,stage3.block2,73984,6306,10,0.008523464532871972,0.017969846725463867,event_t05_q005,4100,94100
126,head,650,647,10,0.09953846153846153,0.02707292642444372,event_t05_q005,4100,94100
127,stem,464,69,9,0.014870689655172414,0.02248356770724058,event_t05_q005,4100,94100
127,stage1.block1,4672,272,10,0.0058219178082191785,0.017341074906289576,event_t05_q005,4100,94100
127,stage1.block2,4672,143,10,0.0030607876712328767,0.01558207841590047,event_t05_q005,4100,94100
127,stage2.block1,14528,379,10,0.0026087555066079296,0.013648747373372317,event_t05_q005,4100,94100
127,stage2.block2,18560,623,10,0.0033566810344827585,0.014344500191509724,event_t05_q005,4100,94100
127,stage3.block1,57728,2732,10,0.0047325388026607535,0.016153546608984472,event_t05_q005,4100,94100
127,stage3.block2,73984,4978,10,0.0067284818339100345,0.017898800037801265,event_t05_q005,4100,94100
127,head,650,593,10,0.09123076923076923,0.026029064692556857,event_t05_q005,4100,94100
128,stem,464,61,10,0.013146551724137931,0.022337837517261504,event_t05_q005,4100,94100
128,stage1.block1,4672,265,10,0.0056720890410958905,0.017276919446885586,event_t05_q005,4100,94100
128,stage1.block2,4672,115,10,0.002461472602739726,0.015612280368804932,event_t05_q005,4100,94100
128,stage2.block1,14528,424,10,0.0029185022026431717,0.013720722962170839,event_t05_q005,4100,94100
128,stage2.block2,18560,681,10,0.0036691810344827588,0.014402932021766901,event_t05_q005,4100,94100
128,stage3.block1,57728,3032,10,0.005252217294900221,0.0162343455478549,event_t05_q005,4100,94100
128,stage3.block2,73984,5492,10,0.007423226643598616,0.01798075661063194,event_t05_q005,4100,94100
128,head,650,632,10,0.09723076923076923,0.02664582375437021,event_t05_q005,4100,94100
129,stem,464,102,10,0.021982758620689654,0.022730904072523116,event_t05_q005,4100,94100
129,stage1.block1,4672,277,10,0.0059289383561643835,0.017412165366113185,event_t05_q005,4100,94100
129,stage1.block2,4672,211,10,0.004516267123287671,0.015736958105117084,event_t05_q005,4100,94100
129,stage2.block1,14528,529,10,0.0036412444933920703,0.013825571537017823,event_t05_q005,4100,94100
129,stage2.block2,18560,850,10,0.0045797413793103444,0.01448447471484542,event_t05_q005,4100,94100
129,stage3.block1,57728,3552,10,0.0061529933481152994,0.016330628748983146,event_t05_q005,4100,94100
129,stage3.block2,73984,6177,10,0.00834910250865052,0.0180763004347682,event_t05_q005,4100,94100
129,head,650,617,10,0.09492307692307693,0.026662735268473625,event_t05_q005,4100,94100
130,stem,464,127,10,0.027370689655172413,0.02298674900084734,event_t05_q005,4100,94100
130,stage1.block1,4672,278,10,0.0059503424657534245,0.0174776341766119,event_t05_q005,4100,94100
130,stage1.block2,4672,189,10,0.004045376712328767,0.015747490897774698,event_t05_q005,4100,94100
130,stage2.block1,14528,470,10,0.0032351321585903084,0.013857999164611102,event_t05_q005,4100,94100
130,stage2.block2,18560,712,10,0.0038362068965517243,0.014479009807109833,event_t05_q005,4100,94100
130,stage3.block1,57728,3060,10,0.005300720620842572,0.016322708036750556,event_t05_q005,4100,94100
130,stage3.block2,73984,5656,10,0.007644896193771626,0.018078496679663658,event_t05_q005,4100,94100
130,head,650,610,10,0.09384615384615384,0.02667163498699665,event_t05_q005,4100,94100
131,stem,464,91,9,0.019612068965517242,0.022690721601247788,event_t05_q005,4100,94100
131,stage1.block1,4672,286,10,0.006121575342465753,0.017514711059629918,event_t05_q005,4100,94100
131,stage1.block2,4672,144,10,0.0030821917808219177,0.01572771994397044,event_t05_q005,4100,94100
131,stage2.block1,14528,465,10,0.003200715859030837,0.01388559527695179,event_t05_q005,4100,94100
131,stage2.block2,18560,680,10,0.003663793103448276,0.014510233886539936,event_t05_q005,4100,94100
131,stage3.block1,57728,2994,10,0.005186391352549889,0.01636756407096982,event_t05_q005,4100,94100
131,stage3.block2,73984,5601,10,0.007570555795847751,0.01812167279422283,event_t05_q005,4100,94100
131,head,650,579,10,0.08907692307692308,0.026442098803818224,event_t05_q005,4100,94100
132,stem,464,137,10,0.029525862068965517,0.02287407461553812,event_t05_q005,4100,94100
132,stage1.block1,4672,334,10,0.007148972602739726,0.017680742591619492,event_t05_q005,4100,94100
132,stage1.block2,4672,223,10,0.004773116438356165,0.015860612504184246,event_t05_q005,4100,94100
132,stage2.block1,14528,522,10,0.0035930616740088104,0.013961348123848439,event_t05_q005,4100,94100
132,stage2.block2,18560,852,10,0.00459051724137931,0.014595925621688367,event_t05_q005,4100,94100
132,stage3.block1,57728,3280,10,0.005681818181818182,0.01643941067159176,event_t05_q005,4100,94100
132,stage3.block2,73984,5880,10,0.007947664359861592,0.018191214464604855,event_t05_q005,4100,94100
132,head,650,644,10,0.09907692307692308,0.027070744521915914,event_t05_q005,4100,94100
133,stem,464,101,10,0.021767241379310343,0.02250476386398077,event_t05_q005,4100,94100
133,stage1.block1,4672,360,10,0.007705479452054794,0.017762719839811324,event_t05_q005,4100,94100
133,stage1.block2,4672,218,10,0.004666095890410959,0.01589441280812025,event_t05_q005,4100,94100
133,stage2.block1,14528,505,10,0.003476046255506608,0.01399443307891488,event_t05_q005,4100,94100
133,stage2.block2,18560,796,10,0.004288793103448276,0.014602102059870958,event_t05_q005,4100,94100
133,stage3.block1,57728,3124,10,0.005411585365853658,0.016467278730124234,event_t05_q005,4100,94100
133,stage3.block2,73984,5556,10,0.007509731833910034,0.01821769755333662,event_t05_q005,4100,94100
133,head,650,590,10,0.09076923076923077,0.026731578074395655,event_t05_q005,4100,94100
134,stem,464,81,10,0.017456896551724138,0.0221506729722023,event_t05_q005,4100,94100
134,stage1.block1,4672,322,10,0.006892123287671233,0.017751235887408255,event_t05_q005,4100,94100
134,stage1.block2,4672,179,10,0.003831335616438356,0.01588653838261962,event_t05_q005,4100,94100
134,stage2.block1,14528,478,10,0.0032901982378854625,0.014040661510080099,event_t05_q005,4100,94100
134,stage2.block2,18560,730,10,0.003933189655172414,0.01462600426748395,event_t05_q005,4100,94100
134,stage3.block1,57728,3178,10,0.005505127494456763,0.01651635318994522,event_t05_q005,4100,94100
134,stage3.block2,73984,5961,10,0.00805714749134948,0.018293885700404643,event_t05_q005,4100,94100
134,head,650,708,10,0.10892307692307693,0.027533586695790292,event_t05_q005,4100,94100
135,stem,464,84,10,0.01810344827586207,0.022138831205666065,event_t05_q005,4100,94100
135,stage1.block1,4672,242,10,0.005179794520547946,0.017672432772815227,event_t05_q005,4100,94100
135,stage1.block2,4672,146,10,0.003125,0.015918427053838967,event_t05_q005,4100,94100
135,stage2.block1,14528,441,10,0.0030355176211453744,0.014062716253101825,event_t05_q005,4100,94100
135,stage2.block2,18560,699,10,0.0037661637931034483,0.014638153277337551,event_t05_q005,4100,94100
135,stage3.block1,57728,2815,10,0.0048763165188470065,0.01650856574997306,event_t05_q005,4100,94100
135,stage3.block2,73984,4978,10,0.0067284818339100345,0.018256178684532644,event_t05_q005,4100,94100
135,head,650,532,10,0.08184615384615385,0.02588672563433647,event_t05_q005,4100,94100
136,stem,464,85,10,0.018318965517241378,0.022307026945054532,event_t05_q005,4100,94100
136,stage1.block1,4672,262,10,0.0056078767123287675,0.017694232799112797,event_t05_q005,4100,94100
136,stage1.block2,4672,180,10,0.003852739726027397,0.015973405074328186,event_t05_q005,4100,94100
136,stage2.block1,14528,494,10,0.003400330396475771,0.014121068455278874,event_t05_q005,4100,94100
136,stage2.block2,18560,767,10,0.004132543103448276,0.014682802464812994,event_t05_q005,4100,94100
136,stage3.block1,57728,3281,10,0.00568355044345898,0.016591806896030903,event_t05_q005,4100,94100
136,stage3.block2,73984,6015,10,0.00813013624567474,0.018376852758228777,event_t05_q005,4100,94100
136,head,650,649,10,0.09984615384615385,0.026926730945706367,event_t05_q005,4100,94100
137,stem,464,118,10,0.02543103448275862,0.02257795576006174,event_t05_q005,4100,94100
137,stage1.block1,4672,239,10,0.005115582191780822,0.01772161014378071,event_t05_q005,4100,94100
137,stage1.block2,4672,174,10,0.0037243150684931506,0.015981473866850136,event_t05_q005,4100,94100
137,stage2.block1,14528,453,10,0.0031181167400881056,0.014138863794505597,event_t05_q005,4100,94100
137,stage2.block2,18560,654,10,0.003523706896551724,0.014678961597383022,event_t05_q005,4100,94100
137,stage3.block1,57728,3017,10,0.005226233370288248,0.016599427722394467,event_t05_q005,4100,94100
137,stage3.block2,73984,5605,10,0.007575962370242215,0.01837709788233042,event_t05_q005,4100,94100
137,head,650,536,10,0.08246153846153846,0.02630342375487089,event_t05_q005,4100,94100
138,stem,464,84,10,0.01810344827586207,0.022097986564040183,event_t05_q005,4100,94100
138,stage1.block1,4672,274,10,0.0058647260273972605,0.017846329882740975,event_t05_q005,4100,94100
138,stage1.block2,4672,170,10,0.003638698630136986,0.016013844404369593,event_t05_q005,4100,94100
138,stage2.block1,14528,466,10,0.0032075991189427313,0.014186965022236108,event_t05_q005,4100,94100
138,stage2.block2,18560,684,10,0.0036853448275862067,0.01469901679083705,event_t05_q005,4100,94100
138,stage3.block1,57728,3069,10,0.0053163109756097565,0.01662649931386113,event_t05_q005,4100,94100
138,stage3.block2,73984,5660,10,0.00765030276816609,0.018414792232215406,event_t05_q005,4100,94100
138,head,650,723,10,0.11123076923076923,0.027525918558239937,event_t05_q005,4100,94100
139,stem,464,89,9,0.01918103448275862,0.02198915258049965,event_t05_q005,4100,94100
139,stage1.block1,4672,256,10,0.005479452054794521,0.017825377732515336,event_t05_q005,4100,94100
139,stage1.block2,4672,138,10,0.0029537671232876712,0.016006286907941102,event_t05_q005,4100,94100
139,stage2.block1,14528,429,10,0.0029529185022026433,0.014211156219244004,event_t05_q005,4100,94100
139,stage2.block2,18560,705,10,0.0037984913793103446,0.014720901753753424,event_t05_q005,4100,94100
139,stage3.block1,57728,3045,10,0.005274736696230599,0.016668891441076993,event_t05_q005,4100,94100
139,stage3.block2,73984,5818,10,0.007863862456747405,0.018464862555265426,event_t05_q005,4100,94100
139,head,650,657,10,0.10107692307692308,0.02717271279543638,event_t05_q005,4100,94100
140,stem,464,84,10,0.01810344827586207,0.022045453637838365,event_t05_q005,4100,94100
140,stage1.block1,4672,247,10,0.005286815068493151,0.017912178486585616,event_t05_q005,4100,94100
140,stage1.block2,4672,183,10,0.003916952054794521,0.01607640003785491,event_t05_q005,4100,94100
140,stage2.block1,14528,497,10,0.0034209801762114535,0.014295521005988122,event_t05_q005,4100,94100
140,stage2.block2,18560,730,10,0.003933189655172414,0.01476627979427576,event_t05_q005,4100,94100
140,stage3.block1,57728,3112,10,0.00539079822616408,0.01672025481238961,event_t05_q005,4100,94100
140,stage3.block2,73984,5568,10,0.0075259515570934256,0.018490887992084027,event_t05_q005,4100,94100
140,head,650,618,10,0.09507692307692307,0.02692924328148365,event_t05_q005,4100,94100
141,stem,464,81,10,0.017456896551724138,0.022169336304068567,event_t05_q005,4100,94100
141,stage1.block1,4672,329,10,0.00704195205479452,0.0180758535861969,event_t05_q005,4100,94100
141,stage1.block2,4672,185,10,0.003959760273972603,0.016128658968955278,event_t05_q005,4100,94100
141,stage2.block1,14528,489,10,0.0033659140969162994,0.014340309146791696,event_t05_q005,4100,94100
141,stage2.block2,18560,805,10,0.004337284482758621,0.014803022518754006,event_t05_q005,4100,94100
141,stage3.block1,57728,3166,10,0.005484340354767184,0.016745427437126637,event_t05_q005,4100,94100
141,stage3.block2,73984,5460,10,0.007379974048442907,0.018516074866056442,event_t05_q005,4100,94100
141,head,650,635,10,0.09769230769230769,0.02699348423629999,event_t05_q005,4100,94100
142,stem,464,93,10,0.02004310344827586,0.02227412387728691,event_t05_q005,4100,94100
142,stage1.block1,4672,265,10,0.0056720890410958905,0.01808012593537569,event_t05_q005,4100,94100
142,stage1.block2,4672,192,10,0.00410958904109589,0.01614424353465438,event_t05_q005,4100,94100
142,stage2.block1,14528,518,10,0.0035655286343612333,0.014382141083478928,event_t05_q005,4100,94100
142,stage2.block2,18560,714,10,0.00384698275862069,0.014808776881545782,event_t05_q005,4100,94100
142,stage3.block1,57728,2888,10,0.005002771618625277,0.01674998216331005,event_t05_q005,4100,94100
142,stage3.block2,73984,5317,10,0.007186689013840831,0.01853930801153183,event_t05_q005,4100,94100
142,head,650,559,10,0.086,0.026329724118113518,event_t05_q005,4100,94100
143,stem,464,109,10,0.023491379310344826,0.022577317804098128,event_t05_q005,4100,94100
143,stage1.block1,4672,374,10,0.00800513698630137,0.018260169960558414,event_t05_q005,4100,94100
143,stage1.block2,4672,233,10,0.004987157534246576,0.016213926300406457,event_t05_q005,4100,94100
143,stage2.block1,14528,543,10,0.00373761013215859,0.01442951885983348,event_t05_q005,4100,94100
143,stage2.block2,18560,801,10,0.00431573275862069,0.014867769926786423,event_t05_q005,4100,94100
143,stage3.block1,57728,3467,10,0.00600575110864745,0.016848092153668403,event_t05_q005,4100,94100
143,stage3.block2,73984,6297,10,0.008511299740484429,0.018657706677913666,event_t05_q005,4100,94100
143,head,650,657,10,0.10107692307692308,0.02730595860630274,event_t05_q005,4100,94100
144,stem,464,121,10,0.026077586206896552,0.022783324867486954,event_t05_q005,4100,94100
144,stage1.block1,4672,332,10,0.007106164383561644,0.018277032114565373,event_t05_q005,4100,94100
144,stage1.block2,4672,215,10,0.004601883561643836,0.016227405425161122,event_t05_q005,4100,94100
144,stage2.block1,14528,448,10,0.0030837004405286344,0.01444460153579712,event_t05_q005,4100,94100
144,stage2.block2,18560,749,10,0.004035560344827586,0.014876227173954249,event_t05_q005,4100,94100
144,stage3.block1,57728,3122,10,0.005408120842572062,0.01685245893895626,event_t05_q005,4100,94100
144,stage3.block2,73984,5715,10,0.007724643166089965,0.01864937972277403,event_t05_q005,4100,94100
144,head,650,628,10,0.09661538461538462,0.026587708666920663,event_t05_q005,4100,94100
145,stem,464,115,10,0.02478448275862069,0.02265680655837059,event_t05_q005,4100,94100
145,stage1.block1,4672,405,10,0.008668664383561644,0.018414226733148097,event_t05_q005,4100,94100
145,stage1.block2,4672,240,10,0.005136986301369863,0.016315540578216315,event_t05_q005,4100,94100
145,stage2.block1,14528,628,10,0.004322687224669604,0.01455301521345973,event_t05_q005,4100,94100
145,stage2.block2,18560,890,10,0.004795258620689655,0.014963881205767393,event_t05_q005,4100,94100
145,stage3.block1,57728,3573,10,0.006189370842572062,0.01693252343684435,event_t05_q005,4100,94100
145,stage3.block2,73984,5962,10,0.008058499134948096,0.018711400963366032,event_t05_q005,4100,94100
145,head,650,660,10,0.10153846153846154,0.026872122287750246,event_t05_q005,4100,94100
146,stem,464,84,10,0.01810344827586207,0.022294165566563606,event_t05_q005,4100,94100
146,stage1.block1,4672,358,10,0.007662671232876712,0.018439449928700925,event_t05_q005,4100,94100
146,stage1.block2,4672,209,10,0.004473458904109589,0.01635158257558942,event_t05_q005,4100,94100
146,stage2.block1,14528,581,10,0.003999174008810572,0.014601706992834806,event_t05_q005,4100,94100
146,stage2.block2,18560,912,10,0.004913793103448276,0.015001215972006321,event_t05_q005,4100,94100
146,stage3.block1,57728,3654,10,0.006329684035476718,0.01699012015014887,event_t05_q005,4100,94100
146,stage3.block2,73984,6492,10,0.008774870242214534,0.01878509223461151,event_t05_q005,4100,94100
146,head,650,672,10,0.10338461538461538,0.027240430749952794,event_t05_q005,4100,94100
147,stem,464,85,10,0.018318965517241378,0.022427144460380077,event_t05_q005,4100,94100
147,stage1.block1,4672,337,10,0.007213184931506849,0.018441525660455226,event_t05_q005,4100,94100
147,stage1.block2,4672,236,10,0.005051369863013699,0.016434799414128065,event_t05_q005,4100,94100
147,stage2.block1,14528,594,10,0.004088656387665198,0.014647824503481389,event_t05_q005,4100,94100
147,stage2.block2,18560,974,10,0.005247844827586207,0.015036984253674746,event_t05_q005,4100,94100
147,stage3.block1,57728,3354,10,0.00581000554323725,0.017005979642271997,event_t05_q005,4100,94100
147,stage3.block2,73984,6088,10,0.008228806228373702,0.01879523918032646,event_t05_q005,4100,94100
147,head,650,625,10,0.09615384615384616,0.026689531095325948,event_t05_q005,4100,94100
148,stem,464,75,10,0.016163793103448277,0.02222651969641447,event_t05_q005,4100,94100
148,stage1.block1,4672,275,10,0.0058861301369863015,0.018380705267190933,event_t05_q005,4100,94100
148,stage1.block2,4672,182,10,0.0038955479452054795,0.01639037663117051,event_t05_q005,4100,94100
148,stage2.block1,14528,503,10,0.0034622797356828193,0.01464197263121605,event_t05_q005,4100,94100
148,stage2.block2,18560,695,10,0.0037446120689655174,0.014986894186586141,event_t05_q005,4100,94100
148,stage3.block1,57728,3142,10,0.0054427660753880265,0.01701161377131939,event_t05_q005,4100,94100
148,stage3.block2,73984,5665,10,0.007657060986159169,0.01879727002233267,event_t05_q005,4100,94100
148,head,650,580,10,0.08923076923076922,0.02663052286952734,event_t05_q005,4100,94100
149,stem,464,64,10,0.013793103448275862,0.021875576116144657,event_t05_q005,4100,94100
149,stage1.block1,4672,257,10,0.005500856164383562,0.018395611457526682,event_t05_q005,4100,94100
149,stage1.block2,4672,173,10,0.0037029109589041096,0.01637687012553215,event_t05_q005,4100,94100
149,stage2.block1,14528,496,10,0.0034140969162995594,0.01465642936527729,event_t05_q005,4100,94100
149,stage2.block2,18560,669,10,0.0036045258620689656,0.015006487909704446,event_t05_q005,4100,94100
149,stage3.block1,57728,2991,10,0.0051811945676274946,0.017031723447144032,event_t05_q005,4100,94100
149,stage3.block2,73984,5934,10,0.008020653114186852,0.018854858912527563,event_t05_q005,4100,94100
149,head,650,634,10,0.09753846153846153,0.026869155839085578,event_t05_q005,4100,94100
150,stem,464,113,10,0.02435344827586207,0.02241237014532089,event_t05_q005,4100,94100
150,stage1.block1,4672,339,10,0.007255993150684931,0.018535714223980905,event_t05_q005,4100,94100
150,stage1.block2,4672,164,10,0.0035102739726027396,0.016417404636740685,event_t05_q005,4100,94100
150,stage2.block1,14528,513,10,0.003531112334801762,0.014693788345903158,event_t05_q005,4100,94100
150,stage2.block2,18560,723,10,0.0038954741379310345,0.015059905312955379,event_t05_q005,4100,94100
150,stage3.block1,57728,3097,10,0.005364814301552106,0.017075156792998314,event_t05_q005,4100,94100
150,stage3.block2,73984,5673,10,0.007667874134948097,0.018875430896878244,event_t05_q005,4100,94100
150,head,650,621,10,0.09553846153846154,0.026677043363451957,event_t05_q005,4100,94100
151,stem,464,78,10,0.016810344827586206,0.02188853155821562,event_t05_q005,4100,94100
151,stage1.block1,4672,312,10,0.006678082191780822,0.018543878756463527,event_t05_q005,4100,94100
151,stage1.block2,4672,217,10,0.004644691780821918,0.016504551842808725,event_t05_q005,4100,94100
151,stage2.block1,14528,512,10,0.003524229074889868,0.014725391287356615,event_t05_q005,4100,94100
151,stage2.block2,18560,825,10,0.004445043103448276,0.015118045080453158,event_t05_q005,4100,94100
151,stage3.block1,57728,3456,10,0.00598669623059867,0.01714168805629015,event_t05_q005,4100,94100
151,stage3.block2,73984,6307,10,0.008524816176470587,0.018959175050258636,event_t05_q005,4100,94100
151,head,650,688,10,0.10584615384615384,0.027250677160918713,event_t05_q005,4100,94100
152,stem,464,83,10,0.01788793103448276,0.021951147355139256,event_t05_q005,4100,94100
152,stage1.block1,4672,385,10,0.008240582191780822,0.018639657460153104,event_t05_q005,4100,94100
152,stage1.block2,4672,224,10,0.004794520547945206,0.016535491589456795,event_t05_q005,4100,94100
152,stage2.block1,14528,577,10,0.003971640969162996,0.014779878314584494,event_t05_q005,4100,94100
152,stage2.block2,18560,921,10,0.00496228448275862,0.015162680670619011,event_t05_q005,4100,94100
152,stage3.block1,57728,3697,10,0.006404171286031042,0.017192801274359227,event_t05_q005,4100,94100
152,stage3.block2,73984,6620,10,0.00894788062283737,0.019020844995975495,event_t05_q005,4100,94100
152,head,650,714,10,0.10984615384615384,0.027211974002420904,event_t05_q005,4100,94100
153,stem,464,71,10,0.015301724137931034,0.022062860988080503,event_t05_q005,4100,94100
153,stage1.block1,4672,313,10,0.006699486301369863,0.01861106641590595,event_t05_q005,4100,94100
153,stage1.block2,4672,211,10,0.004516267123287671,0.016525588184595107,event_t05_q005,4100,94100
153,stage2.block1,14528,529,10,0.0036412444933920703,0.01480721440166235,event_t05_q005,4100,94100
153,stage2.block2,18560,738,10,0.003976293103448276,0.015156992804259061,event_t05_q005,4100,94100
153,stage3.block1,57728,3182,10,0.005512056541019956,0.017192266508936883,event_t05_q005,4100,94100
153,stage3.block2,73984,5984,10,0.008088235294117648,0.01901497095823288,event_t05_q005,4100,94100
153,head,650,586,10,0.09015384615384615,0.02623628880828619,event_t05_q005,4100,94100
154,stem,464,64,10,0.013793103448275862,0.021929917857050896,event_t05_q005,4100,94100
154,stage1.block1,4672,276,10,0.0059075342465753425,0.01853574626147747,event_t05_q005,4100,94100
154,stage1.block2,4672,157,10,0.003360445205479452,0.016498039942234755,event_t05_q005,4100,94100
154,stage2.block1,14528,493,10,0.0033934471365638765,0.01482109073549509,event_t05_q005,4100,94100
154,stage2.block2,18560,651,10,0.0035075431034482757,0.015155184455215931,event_t05_q005,4100,94100
154,stage3.block1,57728,3099,10,0.005368278824833703,0.01721613500267267,event_t05_q005,4100,94100
154,stage3.block2,73984,6045,10,0.008170685553633218,0.019035759009420873,event_t05_q005,4100,94100
154,head,650,621,10,0.09553846153846154,0.026543259993195532,event_t05_q005,4100,94100
155,stem,464,83,10,0.01788793103448276,0.022029759734869002,event_t05_q005,4100,94100
155,stage1.block1,4672,317,10,0.006785102739726027,0.01862814128398895,event_t05_q005,4100,94100
155,stage1.block2,4672,178,10,0.003809931506849315,0.0165725065395236,event_t05_q005,4100,94100
155,stage2.block1,14528,520,10,0.003579295154185022,0.014875447284430266,event_t05_q005,4100,94100
155,stage2.block2,18560,739,10,0.003981681034482759,0.015211337339133024,event_t05_q005,4100,94100
155,stage3.block1,57728,2937,10,0.00508765243902439,0.01724959723651409,event_t05_q005,4100,94100
155,stage3.block2,73984,5654,10,0.0076421929065743945,0.01903410069644451,event_t05_q005,4100,94100
155,head,650,582,10,0.08953846153846154,0.025937625765800477,event_t05_q005,4100,94100
156,stem,464,106,10,0.022844827586206897,0.022227795608341695,event_t05_q005,4100,94100
156,stage1.block1,4672,393,10,0.00841181506849315,0.018694989569485187,event_t05_q005,4100,94100
156,stage1.block2,4672,253,10,0.005415239726027398,0.016678770910948514,event_t05_q005,4100,94100
156,stage2.block1,14528,638,10,0.004391519823788546,0.014966597594320775,event_t05_q005,4100,94100
156,stage2.block2,18560,845,10,0.0045528017241379315,0.015271820593625307,event_t05_q005,4100,94100
156,stage3.block1,57728,3441,10,0.005960712305986696,0.017326352745294572,event_t05_q005,4100,94100
156,stage3.block2,73984,6211,10,0.008395058391003461,0.019114523380994796,event_t05_q005,4100,94100
156,head,650,605,10,0.09307692307692307,0.02651406154036522,event_t05_q005,4100,94100
157,stem,464,82,10,0.01767241379310345,0.02199447136372328,event_t05_q005,4100,94100
157,stage1.block1,4672,386,10,0.008261986301369864,0.018730014190077783,event_t05_q005,4100,94100
157,stage1.block2,4672,259,10,0.005543664383561644,0.016717051807790994,event_t05_q005,4100,94100
157,stage2.block1,14528,574,10,0.003950991189427312,0.014983487501740455,event_t05_q005,4100,94100
157,stage2.block2,18560,877,10,0.0047252155172413796,0.015291939675807952,event_t05_q005,4100,94100
157,stage3.block1,57728,3370,10,0.005837721729490022,0.017353658378124238,event_t05_q005,4100,94100
157,stage3.block2,73984,6319,10,0.008541035899653979,0.019156209751963617,event_t05_q005,4100,94100
157,head,650,604,10,0.09292307692307693,0.02637516353279352,event_t05_q005,4100,94100
158,stem,464,149,10,0.03211206896551724,0.023164381645619868,event_t05_q005,4100,94100
158,stage1.block1,4672,482,10,0.010316780821917807,0.018905946984887123,event_t05_q005,4100,94100
158,stage1.block2,4672,239,10,0.005115582191780822,0.016751374397426844,event_t05_q005,4100,94100
158,stage2.block1,14528,624,10,0.004295154185022026,0.015046998765319586,event_t05_q005,4100,94100
158,stage2.block2,18560,856,10,0.004612068965517241,0.015315650030970573,event_t05_q005,4100,94100
158,stage3.block1,57728,3455,10,0.005984963968957872,0.01739490367472172,event_t05_q005,4100,94100
158,stage3.block2,73984,6440,10,0.008704584775086505,0.019201427511870862,event_t05_q005,4100,94100
158,head,650,649,10,0.09984615384615385,0.02721780613064766,event_t05_q005,4100,94100
159,stem,464,116,10,0.025,0.022555644810199737,event_t05_q005,4100,94100
159,stage1.block1,4672,431,10,0.009225171232876712,0.018908021785318852,event_t05_q005,4100,94100
159,stage1.block2,4672,258,10,0.005522260273972603,0.016824862640351056,event_t05_q005,4100,94100
159,stage2.block1,14528,564,10,0.00388215859030837,0.015065590385347605,event_t05_q005,4100,94100
159,stage2.block2,18560,762,10,0.004105603448275862,0.015317246597260237,event_t05_q005,4100,94100
159,stage3.block1,57728,3289,10,0.005697408536585366,0.01740587204694748,event_t05_q005,4100,94100
159,stage3.block2,73984,6064,10,0.008196366782006921,0.01920870691537857,event_t05_q005,4100,94100
159,head,650,607,10,0.09338461538461539,0.02656045723706484,event_t05_q005,4100,94100
160,stem,464,56,10,0.01206896551724138,0.021784581057727338,event_t05_q005,4100,94100
160,stage1.block1,4672,294,10,0.006292808219178082,0.018728397227823733,event_t05_q005,4100,94100
160,stage1.block2,4672,171,10,0.0036601027397260275,0.01674976833164692,event_t05_q005,4100,94100
160,stage2.block1,14528,468,10,0.0032213656387665196,0.015069770161062479,event_t05_q005,4100,94100
160,stage2.block2,18560,671,10,0.003615301724137931,0.015327001549303531,event_t05_q005,4100,94100
160,stage3.block1,57728,3134,10,0.005428907982261641,0.017424370534718035,event_t05_q005,4100,94100
160,stage3.block2,73984,5856,10,0.00791522491349481,0.019222183153033257,event_t05_q005,4100,94100
160,head,650,579,10,0.08907692307692308,0.02633806262165308,event_t05_q005,4100,94100
161,stem,464,66,9,0.014224137931034483,0.021749252453446388,event_t05_q005,4100,94100
161,stage1.block1,4672,255,10,0.00545804794520548,0.018732234463095666,event_t05_q005,4100,94100
161,stage1.block2,4672,204,10,0.004366438356164384,0.016795654967427253,event_t05_q005,4100,94100
161,stage2.block1,14528,533,10,0.0036687775330396474,0.015130040887743234,event_t05_q005,4100,94100
161,stage2.block2,18560,819,10,0.004412715517241379,0.0153983848169446,event_t05_q005,4100,94100
161,stage3.block1,57728,3387,10,0.005867170177383592,0.017487853206694125,event_t05_q005,4100,94100
161,stage3.block2,73984,6220,10,0.008407223183391004,0.019285659305751324,event_t05_q005,4100,94100
161,head,650,628,10,0.09661538461538462,0.02661853190511465,event_t05_q005,4100,94100
162,stem,464,81,10,0.017456896551724138,0.02202556300908327,event_t05_q005,4100,94100
162,stage1.block1,4672,303,10,0.006485445205479452,0.01885532420128584,event_t05_q005,4100,94100
162,stage1.block2,4672,178,10,0.003809931506849315,0.016822285763919354,event_t05_q005,4100,94100
162,stage2.block1,14528,555,10,0.003820209251101322,0.015180650819092988,event_t05_q005,4100,94100
162,stage2.block2,18560,788,10,0.004245689655172414,0.015419157594442368,event_t05_q005,4100,94100
162,stage3.block1,57728,3453,10,0.005981499445676275,0.01752730682492256,event_t05_q005,4100,94100
162,stage3.block2,73984,6202,10,0.008382893598615916,0.01932453438639641,event_t05_q005,4100,94100
162,head,650,623,10,0.09584615384615384,0.02636751476675272,event_t05_q005,4100,94100
163,stem,464,95,10,0.020474137931034482,0.022083938866853715,event_t05_q005,4100,94100
163,stage1.block1,4672,295,10,0.006314212328767123,0.018838511779904366,event_t05_q005,4100,94100
163,stage1.block2,4672,171,10,0.0036601027397260275,0.01684502549469471,event_t05_q005,4100,94100
163,stage2.block1,14528,505,10,0.003476046255506608,0.015171711705625058,event_t05_q005,4100,94100
163,stage2.block2,18560,744,10,0.0040086206896551724,0.015414507128298283,event_t05_q005,4100,94100
163,stage3.block1,57728,3155,10,0.005465285476718404,0.01751043237745762,event_t05_q005,4100,94100
163,stage3.block2,73984,5889,10,0.007959829152249135,0.019327089935541154,event_t05_q005,4100,94100
163,head,650,627,10,0.09646153846153846,0.02620929032564163,event_t05_q005,4100,94100
164,stem,464,96,10,0.020689655172413793,0.022163147665560247,event_t05_q005,4100,94100
164,stage1.block1,4672,318,10,0.006806506849315068,0.01884086299687624,event_t05_q005,4100,94100
164,stage1.block2,4672,183,10,0.003916952054794521,0.016874341201037167,event_t05_q005,4100,94100
164,stage2.block1,14528,498,10,0.003427863436123348,0.015195190906524658,event_t05_q005,4100,94100
164,stage2.block2,18560,776,10,0.0041810344827586205,0.015449178498238325,event_t05_q005,4100,94100
164,stage3.block1,57728,3229,10,0.005593472838137472,0.017531646601855754,event_t05_q005,4100,94100
164,stage3.block2,73984,5753,10,0.00777600562283737,0.0193523770198226,event_t05_q005,4100,94100
164,head,650,583,10,0.0896923076923077,0.026082364469766618,event_t05_q005,4100,94100
165,stem,464,114,10,0.02456896551724138,0.022394788451492786,event_t05_q005,4100,94100
165,stage1.block1,4672,317,10,0.006785102739726027,0.018881846964359284,event_t05_q005,4100,94100
165,stage1.block2,4672,193,10,0.004130993150684932,0.016904840618371962,event_t05_q005,4100,94100
165,stage2.block1,14528,486,10,0.0033452643171806165,0.01522086262702942,event_t05_q005,4100,94100
165,stage2.block2,18560,695,10,0.0037446120689655174,0.015444174688309432,event_t05_q005,4100,94100
165,stage3.block1,57728,3086,10,0.0053457594235033256,0.017544426396489142,event_t05_q005,4100,94100
165,stage3.block2,73984,5796,10,0.007834126297577855,0.019390663877129555,event_t05_q005,4100,94100
165,head,650,628,10,0.09661538461538462,0.026365405321121214,event_t05_q005,4100,94100
166,stem,464,122,10,0.026293103448275863,0.022248413227498532,event_t05_q005,4100,94100
166,stage1.block1,4672,370,10,0.007919520547945206,0.019000621885061263,event_t05_q005,4100,94100
166,stage1.block2,4672,211,10,0.004516267123287671,0.016991863027215004,event_t05_q005,4100,94100
166,stage2.block1,14528,602,10,0.004143722466960352,0.01529811043292284,event_t05_q005,4100,94100
166,stage2.block2,18560,811,10,0.0043696120689655175,0.015512134786695242,event_t05_q005,4100,94100
166,stage3.block1,57728,3423,10,0.0059295315964523285,0.017611371539533138,event_t05_q005,4100,94100
166,stage3.block2,73984,6306,10,0.008523464532871972,0.019455331936478616,event_t05_q005,4100,94100
166,head,650,655,10,0.10076923076923076,0.02691353838890791,event_t05_q005,4100,94100
167,stem,464,115,10,0.02478448275862069,0.022119937278330327,event_t05_q005,4100,94100
167,stage1.block1,4672,358,10,0.007662671232876712,0.018981321528553963,event_t05_q005,4100,94100
167,stage1.block2,4672,187,10,0.004002568493150685,0.017030722927302122,event_t05_q005,4100,94100
167,stage2.block1,14528,577,10,0.003971640969162996,0.015329809207469226,event_t05_q005,4100,94100
167,stage2.block2,18560,885,10,0.004768318965517241,0.015558884479105473,event_t05_q005,4100,94100
167,stage3.block1,57728,3333,10,0.005773628048780488,0.017649715207517146,event_t05_q005,4100,94100
167,stage3.block2,73984,6414,10,0.008669442041522491,0.019498514570295812,event_t05_q005,4100,94100
167,head,650,655,10,0.10076923076923076,0.026415428146719933,event_t05_q005,4100,94100
168,stem,464,104,10,0.022413793103448276,0.02198354694992304,event_t05_q005,4100,94100
168,stage1.block1,4672,335,10,0.007170376712328767,0.018933944776654242,event_t05_q005,4100,94100
168,stage1.block2,4672,189,10,0.004045376712328767,0.017044325452297927,event_t05_q005,4100,94100
168,stage2.block1,14528,523,10,0.003599944933920705,0.015308922808617353,event_t05_q005,4100,94100
168,stage2.block2,18560,746,10,0.004019396551724138,0.015525648836046457,event_t05_q005,4100,94100
168,stage3.block1,57728,3084,10,0.00534229490022173,0.017640808969736098,event_t05_q005,4100,94100
168,stage3.block2,73984,5610,10,0.007582720588235294,0.01945535447448492,event_t05_q005,4100,94100
168,head,650,579,10,0.08907692307692308,0.025917515717446805,event_t05_q005,4100,94100
169,stem,464,109,10,0.023491379310344826,0.021917571499943733,event_t05_q005,4100,94100
169,stage1.block1,4672,289,10,0.0061857876712328765,0.01886661592870951,event_t05_q005,4100,94100
169,stage1.block2,4672,151,10,0.0032320205479452056,0.01702150087803602,event_t05_q005,4100,94100
169,stage2.block1,14528,488,10,0.0033590308370044053,0.01532744187861681,event_t05_q005,4100,94100
169,stage2.block2,18560,737,10,0.003970905172413793,0.015545464493334294,event_t05_q005,4100,94100
169,stage3.block1,57728,3361,10,0.005822131374722838,0.01769757382571697,event_t05_q005,4100,94100
169,stage3.block2,73984,6216,10,0.00840181660899654,0.0195486880838871,event_t05_q005,4100,94100
169,head,650,666,10,0.10246153846153847,0.026594683714210986,event_t05_q005,4100,94100
170,stem,464,97,10,0.020905172413793104,0.02170728538185358,event_t05_q005,4100,94100
170,stage1.block1,4672,319,10,0.006827910958904109,0.019013537093997,event_t05_q005,4100,94100
170,stage1.block2,4672,218,10,0.004666095890410959,0.017149359546601774,event_t05_q005,4100,94100
170,stage2.block1,14528,587,10,0.004040473568281938,0.01540230717509985,event_t05_q005,4100,94100
170,stage2.block2,18560,821,10,0.004423491379310345,0.01559850163757801,event_t05_q005,4100,94100
170,stage3.block1,57728,3593,10,0.006224016075388026,0.017749803513288497,event_t05_q005,4100,94100
170,stage3.block2,73984,6537,10,0.008835694204152249,0.0196142615750432,event_t05_q005,4100,94100
170,head,650,647,10,0.09953846153846153,0.026387049257755278,event_t05_q005,4100,94100
171,stem,464,89,10,0.01918103448275862,0.02170986160635948,event_t05_q005,4100,94100
171,stage1.block1,4672,403,10,0.008625856164383562,0.019073673710227012,event_t05_q005,4100,94100
171,stage1.block2,4672,208,10,0.004452054794520548,0.01716554509475827,event_t05_q005,4100,94100
171,stage2.block1,14528,564,10,0.00388215859030837,0.015405926201492549,event_t05_q005,4100,94100
171,stage2.block2,18560,833,10,0.004488146551724138,0.015601242892444134,event_t05_q005,4100,94100
171,stage3.block1,57728,3362,10,0.005823863636363637,0.017761675640940666,event_t05_q005,4100,94100
171,stage3.block2,73984,6345,10,0.008576178633217994,0.01963446382433176,event_t05_q005,4100,94100
171,head,650,580,10,0.08923076923076922,0.02598398793488741,event_t05_q005,4100,94100
172,stem,464,135,10,0.029094827586206896,0.02239324226975441,event_t05_q005,4100,94100
172,stage1.block1,4672,360,10,0.007705479452054794,0.019040281884372234,event_t05_q005,4100,94100
172,stage1.block2,4672,202,10,0.004323630136986301,0.01720947278663516,event_t05_q005,4100,94100
172,stage2.block1,14528,525,10,0.0036137114537444933,0.015423027612268925,event_t05_q005,4100,94100
172,stage2.block2,18560,763,10,0.004110991379310345,0.015600601956248284,event_t05_q005,4100,94100
172,stage3.block1,57728,3291,10,0.0057008730598669625,0.017779128812253474,event_t05_q005,4100,94100
172,stage3.block2,73984,6103,10,0.008249080882352941,0.019641678594052792,event_t05_q005,4100,94100
172,head,650,587,10,0.09030769230769231,0.02626156620681286,event_t05_q005,4100,94100
173,stem,464,107,10,0.023060344827586208,0.02183014377951622,event_t05_q005,4100,94100
173,stage1.block1,4672,348,10,0.007448630136986301,0.019092653319239615,event_t05_q005,4100,94100
173,stage1.block2,4672,217,10,0.004644691780821918,0.01728794937953353,event_t05_q005,4100,94100
173,stage2.block1,14528,575,10,0.0039578744493392074,0.015478105470538139,event_t05_q005,4100,94100
173,stage2.block2,18560,842,10,0.004536637931034483,0.015657657850533725,event_t05_q005,4100,94100
173,stage3.block1,57728,3444,10,0.005965909090909091,0.017824795655906202,event_t05_q005,4100,94100
173,stage3.block2,73984,6385,10,0.00863024437716263,0.019703695178031923,event_t05_q005,4100,94100
173,head,650,660,10,0.10153846153846154,0.0268892839550972,event_t05_q005,4100,94100
174,stem,464,80,10,0.017241379310344827,0.021581624820828437,event_t05_q005,4100,94100
174,stage1.block1,4672,369,10,0.007898116438356164,0.019193743355572224,event_t05_q005,4100,94100
174,stage1.block2,4672,200,10,0.004280821917808219,0.0173525657504797,event_t05_q005,4100,94100
174,stage2.block1,14528,565,10,0.003889041850220264,0.015510338172316552,event_t05_q005,4100,94100
174,stage2.block2,18560,832,10,0.004482758620689655,0.015679226070642472,event_t05_q005,4100,94100
174,stage3.block1,57728,3442,10,0.005962444567627494,0.017865374125540255,event_t05_q005,4100,94100
174,stage3.block2,73984,6490,10,0.008772166955017301,0.019752096943557264,event_t05_q005,4100,94100
174,head,650,613,10,0.09430769230769231,0.02652159072458744,event_t05_q005,4100,94100
175,stem,464,109,10,0.023491379310344826,0.02209828458726406,event_t05_q005,4100,94100
175,stage1.block1,4672,348,10,0.007448630136986301,0.0191836966201663,event_t05_q005,4100,94100
175,stage1.block2,4672,178,10,0.003809931506849315,0.017403799667954446,event_t05_q005,4100,94100
175,stage2.block1,14528,555,10,0.003820209251101322,0.015550382621586322,event_t05_q005,4100,94100
175,stage2.block2,18560,824,10,0.004439655172413793,0.015699867438524962,event_t05_q005,4100,94100
175,stage3.block1,57728,3393,10,0.005877563747228381,0.01789418552070856,event_t05_q005,4100,94100
175,stage3.block2,73984,5962,10,0.008058499134948096,0.019743549264967443,event_t05_q005,4100,94100
175,head,650,593,10,0.09123076923076923,0.02635032683610916,event_t05_q005,4100,94100
176,stem,464,102,10,0.021982758620689654,0.02199648730456829,event_t05_q005,4100,94100
176,stage1.block1,4672,375,10,0.008026541095890412,0.019276037998497485,event_t05_q005,4100,94100
176,stage1.block2,4672,215,10,0.004601883561643836,0.017491371743381022,event_t05_q005,4100,94100
176,stage2.block1,14528,612,10,0.0042125550660792955,0.015610049106180668,event_t05_q005,4100,94100
176,stage2.block2,18560,821,10,0.004423491379310345,0.015728479716926813,event_t05_q005,4100,94100
176,stage3.block1,57728,3107,10,0.005382136917960089,0.017912201397120953,event_t05_q005,4100,94100
176,stage3.block2,73984,5899,10,0.007973345588235294,0.01976014543324709,event_t05_q005,4100,94100
176,head,650,572,10,0.088,0.026198084838688372,event_t05_q005,4100,94100
177,stem,464,124,10,0.026724137931034484,0.022243193164467812,event_t05_q005,4100,94100
177,stage1.block1,4672,454,10,0.009717465753424658,0.019391676224768162,event_t05_q005,4100,94100
177,stage1.block2,4672,266,10,0.0056934931506849315,0.017614959459751844,event_t05_q005,4100,94100
177,stage2.block1,14528,618,10,0.00425385462555066,0.015663803555071354,event_t05_q005,4100,94100
177,stage2.block2,18560,962,10,0.005183189655172414,0.01578627172857523,event_t05_q005,4100,94100
177,stage3.block1,57728,3665,10,0.006348738913525499,0.017985536158084868,event_t05_q005,4100,94100
177,stage3.block2,73984,6587,10,0.008903276384083045,0.01984924003481865,event_t05_q005,4100,94100
177,head,650,629,10,0.09676923076923077,0.027279737405478954,event_t05_q005,4100,94100
178,stem,464,98,10,0.021120689655172414,0.021923105977475644,event_t05_q005,4100,94100
178,stage1.block1,4672,476,10,0.010188356164383561,0.019397582300007342,event_t05_q005,4100,94100
178,stage1.block2,4672,277,10,0.0059289383561643835,0.017650822643190622,event_t05_q005,4100,94100
178,stage2.block1,14528,628,10,0.004322687224669604,0.015690782386809588,event_t05_q005,4100,94100
178,stage2.block2,18560,984,10,0.0053017241379310345,0.015807733684778214,event_t05_q005,4100,94100
178,stage3.block1,57728,3961,10,0.006861488359201774,0.018048368208110333,event_t05_q005,4100,94100
178,stage3.block2,73984,7408,10,0.010012975778546714,0.019930013082921506,event_t05_q005,4100,94100
178,head,650,722,10,0.11107692307692307,0.02798055559396744,event_t05_q005,4100,94100
179,stem,464,110,10,0.023706896551724137,0.021851413883268833,event_t05_q005,4100,94100
179,stage1.block1,4672,424,10,0.009075342465753424,0.019336026348173618,event_t05_q005,4100,94100
179,stage1.block2,4672,223,10,0.004773116438356165,0.01767006013542414,event_t05_q005,4100,94100
179,stage2.block1,14528,630,10,0.004336453744493392,0.015727787185460328,event_t05_q005,4100,94100
179,stage2.block2,18560,900,10,0.004849137931034483,0.015804791077971458,event_t05_q005,4100,94100
179,stage3.block1,57728,3477,10,0.006023073725055433,0.01803345438092947,event_t05_q005,4100,94100
179,stage3.block2,73984,6512,10,0.00880190311418685,0.019888554140925406,event_t05_q005,4100,94100
179,head,650,614,10,0.09446153846153846,0.026679535396397114,event_t05_q005,4100,94100
180,stem,464,102,10,0.021982758620689654,0.022116060182452203,event_t05_q005,4100,94100
180,stage1.block1,4672,477,10,0.010209760273972603,0.01942452061921358,event_t05_q005,4100,94100
180,stage1.block2,4672,283,10,0.00605736301369863,0.01777030322700739,event_t05_q005,4100,94100
180,stage2.block1,14528,659,10,0.004536068281938326,0.015778645779937504,event_t05_q005,4100,94100
180,stage2.block2,18560,925,10,0.004983836206896552,0.015834300220012663,event_t05_q005,4100,94100
180,stage3.block1,57728,3773,10,0.006535823170731707,0.018086183443665506,event_t05_q005,4100,94100
180,stage3.block2,73984,6932,10,0.009369593425605536,0.01994202695786953,event_t05_q005,4100,94100
180,head,650,690,10,0.10615384615384615,0.027583036571741104,event_t05_q005,4100,94100
